HIERARCHY
ROOT mixamorig:Hips
{
	OFFSET 0.000000 99.791901 0.000000
	CHANNELS 6 Xposition Yposition Zposition Yrotation Xrotation Zrotation
	JOINT mixamorig:Spine
	{
		OFFSET 0.000038 9.923500 -1.227300
		CHANNELS 3 Yrotation Xrotation Zrotation
		JOINT mixamorig:Spine1
		{
			OFFSET -0.001154 11.645462 -1.422353
			CHANNELS 3 Yrotation Xrotation Zrotation
			JOINT mixamorig:Spine2
			{
				OFFSET -0.001065 13.360161 -1.626458
				CHANNELS 3 Yrotation Xrotation Zrotation
				JOINT mixamorig:Neck
				{
					OFFSET -0.001308 15.032516 0.792905
					CHANNELS 3 Yrotation Xrotation Zrotation
					JOINT mixamorig:Head
					{
						OFFSET -0.000902 10.321808 3.142400
						CHANNELS 3 Yrotation Xrotation Zrotation
						End Site
						{
							OFFSET -0.001707 19.630493 -0.000000
						}
					}
				}
				JOINT mixamorig:LeftShoulder
				{
					OFFSET 6.105007 9.110962 0.705601
					CHANNELS 3 Yrotation Xrotation Zrotation
					JOINT mixamorig:LeftArm
					{
						OFFSET 12.655048 -0.266434 -2.600898
						CHANNELS 3 Yrotation Xrotation Zrotation
						JOINT mixamorig:LeftForeArm
						{
							OFFSET 27.404696 0.000000 0.000000
							CHANNELS 3 Yrotation Xrotation Zrotation
							JOINT mixamorig:LeftHand
							{
								OFFSET 27.614513 0.000000 0.000000
								CHANNELS 3 Yrotation Xrotation Zrotation
								JOINT mixamorig:LeftHandThumb1
								{
									OFFSET 3.788795 -2.167099 3.003002
									CHANNELS 3 Yrotation Xrotation Zrotation
									JOINT mixamorig:LeftHandThumb2
									{
										OFFSET 3.675461 -2.122025 2.122029
										CHANNELS 3 Yrotation Xrotation Zrotation
										JOINT mixamorig:LeftHandThumb3
										{
											OFFSET 3.394363 -1.959732 1.959735
											CHANNELS 3 Yrotation Xrotation Zrotation
											End Site
											{
												OFFSET 2.679413 -1.546967 1.546960
											}
										}
									}
								}
								JOINT mixamorig:LeftHandIndex1
								{
									OFFSET 12.266594 -0.231796 2.822001
									CHANNELS 3 Yrotation Xrotation Zrotation
									JOINT mixamorig:LeftHandIndex2
									{
										OFFSET 3.891998 0.000000 0.000000
										CHANNELS 3 Yrotation Xrotation Zrotation
										JOINT mixamorig:LeftHandIndex3
										{
											OFFSET 3.415207 0.000000 0.000000
											CHANNELS 3 Yrotation Xrotation Zrotation
											End Site
											{
												OFFSET 3.077995 0.000000 0.000000
											}
										}
									}
								}
								JOINT mixamorig:LeftHandMiddle1
								{
									OFFSET 12.775497 0.000000 0.000000
									CHANNELS 3 Yrotation Xrotation Zrotation
									JOINT mixamorig:LeftHandMiddle2
									{
										OFFSET 3.613998 0.000000 0.000000
										CHANNELS 3 Yrotation Xrotation Zrotation
										JOINT mixamorig:LeftHandMiddle3
										{
											OFFSET 3.459793 0.000000 0.000000
											CHANNELS 3 Yrotation Xrotation Zrotation
											End Site
											{
												OFFSET 3.680214 0.000000 0.000000
											}
										}
									}
								}
								JOINT mixamorig:LeftHandRing1
								{
									OFFSET 12.146996 0.009995 -2.216599
									CHANNELS 3 Yrotation Xrotation Zrotation
									JOINT mixamorig:LeftHandRing2
									{
										OFFSET 3.601196 0.000000 0.000000
										CHANNELS 3 Yrotation Xrotation Zrotation
										JOINT mixamorig:LeftHandRing3
										{
											OFFSET 3.307304 0.000000 0.000000
											CHANNELS 3 Yrotation Xrotation Zrotation
											End Site
											{
												OFFSET 3.660095 0.000000 0.000000
											}
										}
									}
								}
								JOINT mixamorig:LeftHandPinky1
								{
									OFFSET 10.908195 -0.226105 -4.725800
									CHANNELS 3 Yrotation Xrotation Zrotation
									JOINT mixamorig:LeftHandPinky2
									{
										OFFSET 4.136703 0.000000 0.000000
										CHANNELS 3 Yrotation Xrotation Zrotation
										JOINT mixamorig:LeftHandPinky3
										{
											OFFSET 2.594803 0.000000 0.000000
											CHANNELS 3 Yrotation Xrotation Zrotation
											End Site
											{
												OFFSET 2.923904 0.000000 0.000000
											}
										}
									}
								}
							}
						}
					}
				}
				JOINT mixamorig:RightShoulder
				{
					OFFSET -6.106493 9.110001 0.705582
					CHANNELS 3 Yrotation Xrotation Zrotation
					JOINT mixamorig:RightArm
					{
						OFFSET -12.655064 -0.265533 -2.600914
						CHANNELS 3 Yrotation Xrotation Zrotation
						JOINT mixamorig:RightForeArm
						{
							OFFSET -27.404697 0.000000 -0.000000
							CHANNELS 3 Yrotation Xrotation Zrotation
							JOINT mixamorig:RightHand
							{
								OFFSET -27.614510 0.000000 -0.000000
								CHANNELS 3 Yrotation Xrotation Zrotation
								JOINT mixamorig:RightHandThumb1
								{
									OFFSET -3.788803 -2.167099 3.003001
									CHANNELS 3 Yrotation Xrotation Zrotation
									JOINT mixamorig:RightHandThumb2
									{
										OFFSET -3.675461 -2.122025 2.122028
										CHANNELS 3 Yrotation Xrotation Zrotation
										JOINT mixamorig:RightHandThumb3
										{
											OFFSET -3.394363 -1.959732 1.959735
											CHANNELS 3 Yrotation Xrotation Zrotation
											End Site
											{
												OFFSET -2.679413 -1.546967 1.546959
											}
										}
									}
								}
								JOINT mixamorig:RightHandIndex1
								{
									OFFSET -12.266602 -0.231796 2.822000
									CHANNELS 3 Yrotation Xrotation Zrotation
									JOINT mixamorig:RightHandIndex2
									{
										OFFSET -3.891998 0.000000 0.000000
										CHANNELS 3 Yrotation Xrotation Zrotation
										JOINT mixamorig:RightHandIndex3
										{
											OFFSET -3.415207 0.000000 0.000000
											CHANNELS 3 Yrotation Xrotation Zrotation
											End Site
											{
												OFFSET -3.077995 0.000000 0.000000
											}
										}
									}
								}
								JOINT mixamorig:RightHandMiddle1
								{
									OFFSET -12.775505 0.000000 -0.000000
									CHANNELS 3 Yrotation Xrotation Zrotation
									JOINT mixamorig:RightHandMiddle2
									{
										OFFSET -3.613998 0.000000 0.000000
										CHANNELS 3 Yrotation Xrotation Zrotation
										JOINT mixamorig:RightHandMiddle3
										{
											OFFSET -3.459793 0.000000 0.000000
											CHANNELS 3 Yrotation Xrotation Zrotation
											End Site
											{
												OFFSET -3.680214 0.000000 0.000000
											}
										}
									}
								}
								JOINT mixamorig:RightHandRing1
								{
									OFFSET -12.147003 0.009995 -2.216600
									CHANNELS 3 Yrotation Xrotation Zrotation
									JOINT mixamorig:RightHandRing2
									{
										OFFSET -3.601196 0.000000 0.000000
										CHANNELS 3 Yrotation Xrotation Zrotation
										JOINT mixamorig:RightHandRing3
										{
											OFFSET -3.307304 0.000000 0.000000
											CHANNELS 3 Yrotation Xrotation Zrotation
											End Site
											{
												OFFSET -3.660103 0.000000 0.000000
											}
										}
									}
								}
								JOINT mixamorig:RightHandPinky1
								{
									OFFSET -10.908203 -0.226105 -4.725801
									CHANNELS 3 Yrotation Xrotation Zrotation
									JOINT mixamorig:RightHandPinky2
									{
										OFFSET -4.136703 0.000000 0.000000
										CHANNELS 3 Yrotation Xrotation Zrotation
										JOINT mixamorig:RightHandPinky3
										{
											OFFSET -2.594803 0.000000 0.000000
											CHANNELS 3 Yrotation Xrotation Zrotation
											End Site
											{
												OFFSET -2.923904 0.000000 0.000000
											}
										}
									}
								}
							}
						}
					}
				}
			}
		}
	}
	JOINT mixamorig:LeftUpLeg
	{
		OFFSET 9.124481 -6.656403 -0.055368
		CHANNELS 3 Yrotation Xrotation Zrotation
		JOINT mixamorig:LeftLeg
		{
			OFFSET 0.244688 -40.595383 -0.515629
			CHANNELS 3 Yrotation Xrotation Zrotation
			JOINT mixamorig:LeftFoot
			{
				OFFSET -0.244684 -42.047905 -2.059130
				CHANNELS 3 Yrotation Xrotation Zrotation
				JOINT mixamorig:LeftToeBase
				{
					OFFSET 0.373535 -7.208565 13.966596
					CHANNELS 3 Yrotation Xrotation Zrotation
					End Site
					{
						OFFSET -0.142057 -0.175231 9.997458
					}
				}
			}
		}
	}
	JOINT mixamorig:RightUpLeg
	{
		OFFSET -9.124419 -6.656395 -0.055432
		CHANNELS 3 Yrotation Xrotation Zrotation
		JOINT mixamorig:RightLeg
		{
			OFFSET -0.244683 -40.595413 -0.514284
			CHANNELS 3 Yrotation Xrotation Zrotation
			JOINT mixamorig:RightFoot
			{
				OFFSET 0.244687 -42.047836 -2.060526
				CHANNELS 3 Yrotation Xrotation Zrotation
				JOINT mixamorig:RightToeBase
				{
					OFFSET -0.373540 -7.208565 13.966594
					CHANNELS 3 Yrotation Xrotation Zrotation
					End Site
					{
						OFFSET 0.141792 -0.175015 9.997463
					}
				}
			}
		}
	}
}
MOTION
Frames: 20
Frame Time: 0.033333
0.433383 92.000183 0.816275 -6.228543 7.669218 -3.678075 14.851044 12.945161 3.958253 1.780235 -3.414877 1.241072 1.784091 -3.370481 1.115791 -2.490456 4.380915 -3.248405 -7.078280 -19.662603 2.109849 -8.378612 2.608591 -4.464950 7.775780 61.495998 -57.629530 -72.400552 -0.000034 -0.000040 4.008253 -9.367955 -2.417491 3.727966 -1.537163 6.047597 8.019720 3.905115 1.300722 1.601163 -0.576736 2.525255 0.716294 0.037192 -5.946063 1.464191 0.156790 -12.224046 0.358632 0.009305 -2.973096 0.714378 0.037003 -5.930087 1.466074 0.157196 -12.240029 0.358636 0.009306 -2.973088 0.716294 0.037192 -5.946063 1.464191 0.156791 -12.224046 1.111721 0.089943 -9.251705 4.750696 0.438796 -5.418868 -2.591513 0.151773 -12.734128 1.111720 0.089944 -9.251708 4.791345 1.406377 4.248389 9.277735 -13.168324 49.913387 92.441788 -0.000035 0.000023 5.844470 -13.309263 -21.990086 -10.338844 -0.128899 -14.282230 -8.363283 3.521989 -5.524245 0.318474 -1.802926 -4.412125 -0.387165 0.010741 3.178538 -1.989454 0.289360 16.550708 -0.193644 0.002686 1.589280 -0.387165 0.010741 3.178538 -1.989452 0.289360 16.550711 -0.193644 0.002686 1.589279 -0.387164 0.010741 3.178538 -1.989453 0.289361 16.550708 -0.193645 0.002686 1.589278 -0.387165 0.010741 3.178538 -1.989453 0.289360 16.550708 -0.193645 0.002685 1.589278 0.998988 -51.194597 8.685987 -13.004804 126.340564 -12.002007 2.915779 5.084315 6.264687 0.000004 0.000026 0.000005 -4.876140 -0.853144 5.583379 9.699951 34.209791 1.680344 8.408995 -16.494197 -9.471551 0.000000 -31.272284 -0.000001 
0.154373 93.339935 20.878906 -5.031490 8.211108 -1.941927 15.990149 8.757323 1.216261 1.996136 -2.032415 1.129670 1.992037 -2.060770 1.000812 -3.134470 5.749129 -3.133274 -10.484659 -17.623662 2.866365 -8.118663 2.524568 -3.475432 21.323740 67.190757 -44.352035 -81.523854 -0.000018 -0.000015 8.731171 -13.356371 -5.337147 3.233995 -1.533533 5.987900 7.308403 3.850711 1.187722 1.247340 -0.610821 2.491973 0.809921 0.047599 -6.726529 1.556114 0.177359 -13.004398 0.405666 0.011909 -3.363392 0.808007 0.047372 -6.710558 1.557993 0.177794 -13.020362 0.405666 0.011906 -3.363387 0.809921 0.047599 -6.726530 1.556114 0.177359 -13.004398 1.158192 0.097669 -9.641934 4.838494 0.504041 -6.196713 -2.499771 0.173157 -13.514454 1.158185 0.097681 -9.641940 4.200191 1.293870 3.294470 9.129072 -10.902146 47.222125 112.087161 -0.000047 0.000022 -16.198612 -3.281720 -18.767857 -12.620408 0.495497 -14.761234 -8.162828 3.518756 -5.492767 0.418095 -1.810161 -4.403454 -0.387168 0.010743 3.178549 -1.989424 0.289362 16.550701 -0.193672 0.002681 1.589292 -0.387168 0.010743 3.178550 -1.989423 0.289362 16.550701 -0.193671 0.002682 1.589292 -0.387166 0.010743 3.178549 -1.989422 0.289362 16.550701 -0.193672 0.002683 1.589291 -0.387168 0.010743 3.178549 -1.989424 0.289362 16.550701 -0.193672 0.002681 1.589292 -9.099281 -61.327080 13.700981 -29.894498 104.451761 -34.186442 0.569904 10.632409 11.495470 0.000004 0.014862 -0.000002 -3.613468 18.281356 2.905211 10.095962 10.233924 -2.711799 3.979164 22.407300 5.244440 7.607186 -62.690577 -12.870696 
-0.191621 95.347595 39.819077 -3.842283 9.845433 -0.981266 16.563128 4.299948 -0.283747 2.149187 -0.545401 0.540460 2.151344 -0.619666 0.470645 -3.542333 5.188337 -2.913689 -12.659973 -15.980018 3.056295 -8.013180 2.486012 -2.899082 26.888030 65.861486 -40.872313 -82.416956 -0.000028 -0.000045 8.955525 -16.709617 -3.820815 2.134561 -1.527288 5.854881 5.725816 3.724626 0.938784 0.459910 -0.687417 2.418620 0.773114 0.043355 -6.419563 1.519959 0.169120 -12.697196 0.387154 0.010840 -3.209716 0.771200 0.043136 -6.403590 1.521837 0.169548 -12.713156 0.387154 0.010842 -3.209726 0.773114 0.043355 -6.419562 1.519959 0.169120 -12.697197 1.139897 0.094591 -9.488301 4.804070 0.478241 -5.890780 -2.535860 0.164599 -13.207268 1.139892 0.094589 -9.488295 3.937120 1.243238 3.122964 9.122934 -6.651026 48.866380 121.714968 -0.000038 0.000024 -24.568979 5.599556 -17.533934 -13.911541 0.826187 -14.903469 -7.293162 3.532029 -5.370143 0.851221 -1.827466 -4.373263 -0.387140 0.010736 3.178556 -1.989450 0.289378 16.550718 -0.193652 0.002677 1.589287 -0.387140 0.010736 3.178556 -1.989451 0.289380 16.550716 -0.193652 0.002680 1.589287 -0.387140 0.010736 3.178556 -1.989450 0.289378 16.550718 -0.193651 0.002681 1.589288 -0.387140 0.010736 3.178556 -1.989449 0.289377 16.550718 -0.193648 0.002678 1.589286 -15.334082 -59.851138 17.124251 36.694283 73.273402 26.643330 0.048696 2.733050 9.149971 0.000000 -0.151215 0.000001 -4.869822 18.503664 2.484920 5.536366 22.524690 -5.787189 3.402313 32.657600 14.523509 0.000004 2.184002 -0.000001 
-0.438546 96.373291 58.662384 -3.128027 10.266543 -1.614823 16.698226 2.738364 0.803467 2.204833 0.065968 -0.176159 2.197053 0.074386 -0.169670 -3.671441 3.554602 -3.036508 -13.423897 -15.719750 3.415174 -8.649472 2.662739 -4.215659 23.152680 58.607094 -47.491736 -77.670862 -0.000035 -0.000027 2.567752 -18.195400 3.707478 1.346905 -1.524387 5.759528 4.592506 3.630094 0.762685 -0.104160 -0.742911 2.366739 0.638278 0.029523 -5.296460 1.388430 0.140817 -11.582643 0.319962 0.007411 -2.652267 0.636356 0.029349 -5.280484 1.390321 0.141198 -11.598623 0.319964 0.007409 -2.652269 0.638278 0.029523 -5.296460 1.388431 0.140816 -11.582642 1.073481 0.083821 -8.930941 4.676958 0.385416 -4.771427 -2.667135 0.135129 -12.092729 1.073487 0.083833 -8.930940 4.291895 1.299561 3.220060 10.232808 -1.122563 54.741401 119.682495 -0.000035 0.000022 -21.601056 6.729963 -18.602893 -12.953268 0.630513 -14.310035 -6.486783 3.172031 -5.085294 1.240780 -2.027052 -4.254368 -0.387162 0.010733 3.178552 -1.989441 0.289365 16.550723 -0.193664 0.002684 1.589275 -0.387161 0.010734 3.178552 -1.989441 0.289365 16.550725 -0.193664 0.002688 1.589279 -0.387162 0.010733 3.178552 -1.989441 0.289364 16.550723 -0.193664 0.002690 1.589276 -0.387162 0.010733 3.178552 -1.989441 0.289365 16.550723 -0.192372 0.002639 1.578757 -14.483315 -53.147567 15.165378 13.088317 47.244378 1.488765 -0.157873 -4.758772 2.122746 -0.000001 -0.307458 0.000001 -6.494911 16.360456 1.780380 12.814102 43.133703 0.307327 4.597813 28.505991 15.000345 -0.000004 -0.477359 0.000007 
-0.642826 95.906761 76.753105 -0.877041 8.468567 -1.177849 13.951239 5.905061 0.716493 1.849867 -0.201018 0.044669 1.830734 -0.144913 0.057724 -3.458964 2.432690 -4.053338 -12.749325 -16.674918 3.869699 -10.030275 3.023271 -7.274586 18.172627 48.193914 -54.925137 -76.253434 -0.000028 -0.000019 -4.613573 -23.167469 12.201733 2.059685 -1.526973 5.845813 5.618067 3.715788 0.921985 0.406285 -0.692678 2.413652 0.320331 0.007416 -2.655275 1.076710 0.084328 -8.958021 0.161668 0.001889 -1.339673 0.318401 0.007327 -2.639283 1.078621 0.084630 -8.974009 0.161666 0.001887 -1.339665 0.320331 0.007416 -2.655276 1.076710 0.084329 -8.958022 0.916736 0.061045 -7.618531 4.371089 0.177036 -2.138331 -2.978334 0.075866 -9.468048 0.916735 0.061043 -7.618536 4.639610 1.353648 3.230720 11.278192 7.060125 61.811955 113.543774 -0.000031 0.000007 -14.125388 6.431402 -19.878463 -9.343554 -0.211002 -12.931692 -7.705847 3.521732 -5.426347 0.645540 -1.821317 -4.386497 -0.387168 0.010735 3.178531 -1.989445 0.289363 16.550721 -0.193657 0.002696 1.589280 -0.387167 0.010735 3.178530 -1.989445 0.289363 16.550725 -0.193656 0.002699 1.589279 -0.387167 0.010736 3.178531 -1.989446 0.289362 16.550721 -0.193656 0.002696 1.589278 -0.387168 0.010735 3.178531 -1.989445 0.289363 16.550720 -0.184226 0.002441 1.511821 -6.968106 -45.640547 7.954354 4.124834 26.203688 -5.036726 0.259891 -9.061614 -1.991434 -0.000000 -0.279739 -0.000003 -4.749369 11.414204 4.780533 3.434257 69.774918 -4.503368 3.197656 29.094625 14.782181 0.000002 0.132210 -0.000002 
-0.608402 93.986076 95.000801 3.447126 6.650541 0.601930 7.966991 10.557613 -2.107628 1.013045 -1.207002 1.416555 1.019521 -1.287377 1.344605 -2.954323 2.488677 -5.282004 -10.978224 -18.733080 4.185721 -11.535047 3.384794 -9.771027 12.416175 37.712217 -60.345036 -81.868614 -0.000034 -0.000025 -2.227650 -26.723897 15.424396 3.190598 -1.574966 6.719146 7.400080 3.857804 1.202283 1.292951 -0.606443 2.496222 0.247591 0.004436 -2.052075 0.991649 0.071470 -8.245180 0.118641 0.001018 -0.983218 0.245665 0.004365 -2.036085 0.993550 0.071748 -8.261174 0.118651 0.001005 -0.983218 0.247590 0.004436 -2.052074 0.991648 0.071470 -8.245181 0.874078 0.055464 -7.262104 4.299896 0.131449 -1.536833 -3.063271 0.062249 -8.755214 0.874079 0.055480 -7.262096 5.158883 1.429750 3.567789 10.104683 17.799147 66.921613 103.318359 -0.000041 0.000011 -5.976877 11.033806 -20.119536 -5.585817 -1.417617 -11.616898 -8.298118 3.522174 -5.514652 0.350917 -1.804673 -4.409619 -0.387160 0.010749 3.178559 -1.989443 0.289377 16.550721 -0.193665 0.002692 1.589277 -0.387160 0.010749 3.178559 -1.989441 0.289380 16.550721 -0.193667 0.002691 1.589272 -0.387160 0.010748 3.178559 -1.989442 0.289376 16.550720 -0.193665 0.002693 1.589276 -0.387160 0.010749 3.178559 -1.989440 0.289376 16.550721 -0.173282 0.002140 1.421896 2.141746 -42.048776 -2.669597 4.264612 24.055018 -4.755654 0.064146 -5.994774 0.374999 -0.000003 -1.961950 0.000001 -4.865233 4.043396 3.368936 39.027308 98.320689 37.894456 1.360002 25.936496 7.083744 0.000002 0.078251 -0.000003 
-0.558042 92.295906 113.642731 7.398710 6.579631 3.116940 0.810140 13.807653 -6.126803 0.065111 -2.828477 3.001403 0.073442 -2.904679 2.947038 -2.215607 2.994542 -5.624293 -8.397666 -21.251724 4.148913 -12.347897 3.569932 -10.748829 5.126121 25.223499 -62.357414 -93.348086 -0.000033 -0.000033 7.213557 -19.666369 12.379229 4.110467 -2.086757 9.031966 7.967289 3.901135 1.292379 1.575084 -0.579236 2.522802 0.373396 0.010086 -3.095586 1.095708 0.087364 -9.117316 0.171274 0.002114 -1.419365 0.371471 0.009987 -3.079603 1.097610 0.087673 -9.133302 0.171271 0.002110 -1.419368 0.373396 0.010086 -3.095586 1.095704 0.087364 -9.117318 0.926261 0.062312 -7.698199 4.422730 0.210803 -2.577349 -2.959363 0.079072 -9.627357 0.926252 0.062306 -7.698190 6.024639 1.544818 4.055855 4.353598 27.959495 67.956291 89.900767 -0.000050 0.000013 -4.015580 16.377723 -19.300352 -5.551757 -2.283922 -10.788307 -8.298104 3.522136 -5.514621 0.350934 -1.804663 -4.409616 -0.387160 0.010755 3.178549 -1.989456 0.289360 16.550716 -0.193657 0.002694 1.589276 -0.387160 0.010755 3.178548 -1.989455 0.289362 16.550720 -0.193657 0.002695 1.589276 -0.387158 0.010754 3.178549 -1.989460 0.289360 16.550715 -0.193655 0.002694 1.589277 -0.387160 0.010755 3.178549 -1.989456 0.289357 16.550718 -0.165110 0.001957 1.354947 4.384411 -39.298818 -8.472785 1.184099 35.870422 -4.386750 -0.418962 -3.166542 8.568761 -0.000003 -1.556378 0.000001 -7.556455 -8.045307 -1.163825 10.864865 122.045522 12.018701 0.043256 15.279176 -2.394580 0.000000 0.183544 0.000002 
-0.070257 91.140427 129.742264 9.004035 8.104321 6.243183 -5.168795 14.549126 -9.818244 -0.671838 -3.460996 4.028493 -0.681048 -3.384562 4.104979 -1.285425 2.738834 -4.639573 -4.623643 -23.003088 3.027895 -10.720270 3.245382 -9.486935 -3.105912 6.866989 -61.371155 -103.066776 -0.000045 -0.000026 10.846250 -3.257865 8.138517 5.898711 -3.543061 11.959297 7.967306 3.901138 1.292375 1.575073 -0.579234 2.522796 0.276805 0.005553 -2.294446 1.020587 0.075713 -8.487545 0.133270 0.001295 -1.104421 0.274896 0.005471 -2.278477 1.022494 0.076019 -8.503508 0.133274 0.001295 -1.104414 0.276805 0.005553 -2.294445 1.020589 0.075711 -8.487546 0.888581 0.057347 -7.383302 4.328553 0.149681 -1.778553 -3.034380 0.066761 -8.997566 0.888568 0.057342 -7.383300 5.688906 1.528858 4.263422 -3.739817 34.152974 65.258120 79.928861 -0.000002 -0.000008 -14.393114 17.294930 -17.359530 -8.135758 -3.061852 -10.206337 -10.158287 3.517542 -5.791843 -0.574431 -1.753168 -4.482695 -0.387162 0.010741 3.178546 -1.989448 0.289361 16.550723 -0.193662 0.002697 1.589266 -0.387162 0.010741 3.178545 -1.989448 0.289358 16.550723 -0.193661 0.002697 1.589266 -0.387162 0.010741 3.178544 -1.989449 0.289357 16.550723 -0.193661 0.002695 1.589266 -0.387162 0.010741 3.178546 -1.989449 0.289360 16.550723 -0.165345 0.001962 1.356863 1.305820 -34.988061 -8.174954 -0.244652 45.695161 -7.861179 -1.732905 -18.846801 8.816951 -0.000003 -0.001913 0.000003 -5.090082 -32.457868 -8.645464 5.130598 142.061132 5.954794 -0.736796 14.888293 -12.659622 0.000001 0.455095 -0.000003 
-0.005063 90.138336 147.552109 9.359177 10.052673 7.606504 -9.923199 11.521948 -11.360401 -1.262536 -1.774504 4.490927 -1.230483 -1.383558 4.510344 -0.258170 1.549080 -2.967791 0.600095 -22.808857 0.574900 -7.231158 2.467627 -6.695248 -9.602715 -15.319920 -57.947694 -103.773031 -0.000045 -0.000033 4.092029 6.446546 5.337114 7.851959 -5.508145 14.919973 7.967288 3.901145 1.292379 1.575080 -0.579248 2.522775 0.228508 0.003778 -1.893883 0.982983 0.070209 -8.172654 0.114279 0.000945 -0.946938 0.226585 0.003723 -1.877895 0.984896 0.070489 -8.188628 0.114278 0.000946 -0.946944 0.228507 0.003778 -1.893883 0.982982 0.070207 -8.172657 0.869751 0.054920 -7.225836 4.281151 0.119618 -1.379096 -3.071934 0.060920 -8.682682 0.869736 0.054913 -7.225821 2.946695 1.154976 2.329651 -7.705751 40.257804 61.427737 79.255849 -0.000016 0.000013 -26.708563 12.636526 -13.912950 -11.701800 -3.613854 -9.426918 -16.057307 3.443590 -6.667720 -3.509508 -1.597756 -4.719823 -0.387152 0.010748 3.178564 -1.989452 0.289363 16.550703 -0.193662 0.002686 1.589279 -0.387152 0.010748 3.178564 -1.989452 0.289365 16.550706 -0.193662 0.002687 1.589278 -0.387152 0.010748 3.178564 -1.989452 0.289363 16.550703 -0.193662 0.002686 1.589279 -0.387152 0.010748 3.178564 -1.989453 0.289363 16.550703 -0.179553 0.002300 1.473548 6.485631 -21.478274 -6.205786 -13.289888 41.518022 -17.920287 -6.736972 -29.455409 14.428336 0.000001 -4.419009 0.000002 8.617042 -57.852167 -17.989748 4.517868 146.195937 4.435562 -0.005782 8.699972 -9.861077 0.000007 -0.179651 0.000002 
0.214963 90.691261 168.418396 9.139864 11.417962 5.438241 -13.668841 5.580833 -8.840845 -1.812391 0.578482 4.113218 -1.727965 2.092451 3.991552 0.683985 0.324673 -1.655764 6.051140 -20.510619 -1.983848 -3.991108 1.705704 -3.450349 -13.441142 -32.767945 -51.636889 -100.270708 -0.000038 -0.000021 -2.288677 1.610386 4.206356 9.560559 -7.543171 17.442280 7.967279 3.901142 1.292353 1.575080 -0.579232 2.522785 0.228505 0.003769 -1.893885 0.982976 0.070216 -8.172665 0.114253 0.000943 -0.946940 0.226588 0.003718 -1.877902 0.984885 0.070493 -8.188614 0.114255 0.000952 -0.946952 0.228505 0.003769 -1.893887 0.982974 0.070214 -8.172665 0.869738 0.054926 -7.225825 4.281157 0.119592 -1.379093 -3.071939 0.060918 -8.682669 0.869738 0.054919 -7.225830 0.850225 0.648889 -0.563887 -7.997393 51.823534 57.478467 86.206352 -0.000014 -0.000000 -26.314362 3.094718 -12.893740 -15.295864 -3.856560 -8.156326 -21.826761 3.284663 -7.512838 -6.381727 -1.457617 -4.959240 -0.387165 0.010743 3.178554 -1.989452 0.289377 16.550709 -0.193651 0.002677 1.589277 -0.387165 0.010743 3.178554 -1.989452 0.289377 16.550711 -0.193653 0.002679 1.589276 -0.387164 0.010744 3.178554 -1.989451 0.289378 16.550709 -0.193653 0.002678 1.589278 -0.387165 0.010743 3.178554 -1.989451 0.289375 16.550709 -0.263119 0.004960 2.159555 8.460810 -6.659939 -0.248832 -13.245849 34.999395 -14.864828 -10.629630 -20.336799 13.417300 0.031019 -19.027944 -0.214752 17.539916 -63.235394 -22.610464 9.767507 133.019573 10.568040 0.457242 -1.494381 -6.697138 -0.000007 -0.111497 0.000001 
0.692652 91.618965 190.808304 9.058437 11.990124 3.256643 -16.740517 -0.115644 -4.955330 -2.235081 1.943331 3.118506 -2.154382 4.974368 2.908394 1.355291 -0.264523 -1.190636 9.723938 -17.346355 -3.291380 -1.769902 1.160211 -1.360479 -17.417805 -40.134352 -43.345303 -103.427000 -0.000029 -0.000030 2.242096 -10.124972 5.363041 10.732539 -9.085083 19.166867 9.175348 3.990475 1.485658 2.175856 -0.521831 2.579760 0.228511 0.003773 -1.893879 0.982982 0.070239 -8.172651 0.114283 0.000938 -0.946948 0.226586 0.003719 -1.877891 0.984888 0.070499 -8.188636 0.114268 0.000943 -0.946944 0.228511 0.003773 -1.893880 0.982987 0.070239 -8.172648 0.869738 0.054901 -7.225842 4.281148 0.119619 -1.379078 -3.071942 0.060932 -8.682679 0.869741 0.054901 -7.225842 0.625680 0.517296 -2.783518 -12.647171 63.696200 51.563769 94.094537 -0.000010 0.000034 -16.228915 -7.126854 -14.476683 -17.819552 -3.626775 -5.768049 -24.311365 3.190180 -7.871118 -7.619326 -1.400967 -5.064508 -0.543184 0.021149 4.461629 -2.138844 0.335583 17.833025 -0.271792 0.005305 2.230852 -0.543184 0.021149 4.461630 -2.138844 0.335584 17.833028 -0.271792 0.005305 2.230853 -0.623642 0.027900 5.124124 -2.138839 0.335591 17.833047 -0.271798 0.005290 2.230850 -0.623642 0.027900 5.124124 -2.237995 0.368300 18.689218 -0.638323 0.029242 5.245089 14.626087 12.551849 5.926979 -7.863952 17.859717 -8.197363 -0.759141 2.768802 5.296763 3.014005 -35.292506 -7.678896 20.423642 -66.888760 -24.352392 21.137663 117.514538 23.486751 -1.621359 0.408212 -0.963316 0.000000 -0.039817 0.000003 
1.131376 94.045380 210.805817 8.962430 12.291391 2.392075 -18.150461 -3.017433 -2.367900 -2.367759 2.536671 2.634602 -2.336846 6.468222 2.261650 1.682887 -0.463695 -1.249655 10.993714 -15.186318 -3.611506 -1.333636 1.069971 -1.364536 -21.741037 -38.347759 -37.306684 -112.279670 -0.000048 -0.000016 14.442116 -18.979877 7.547107 11.167713 -9.561881 19.850862 12.593529 4.220814 2.041957 3.874966 -0.362717 2.744120 0.228514 0.003771 -1.893875 0.982981 0.070212 -8.172652 0.114276 0.000951 -0.946938 0.226582 0.003710 -1.877891 0.984888 0.070501 -8.188625 0.114269 0.000943 -0.946938 0.228514 0.003771 -1.893875 0.982985 0.070211 -8.172648 0.869738 0.054923 -7.225839 4.281144 0.119588 -1.379082 -3.071935 0.060937 -8.682681 0.869738 0.054927 -7.225837 0.529041 0.471696 -4.311455 -23.362462 67.632014 45.744447 97.631680 -0.000021 0.000040 -11.339015 -13.669930 -15.480364 -18.286030 -3.413475 -4.221877 -24.304069 3.190484 -7.870076 -7.615723 -1.401138 -5.064183 -0.774951 0.043145 6.371956 -2.359249 0.410556 19.742030 -0.388075 0.010800 3.186046 -0.774951 0.043145 6.371955 -2.359249 0.410557 19.742028 -0.388074 0.010801 3.186046 -0.973505 0.068195 8.013974 -2.359235 0.410584 19.742045 -0.388078 0.010770 3.186057 -0.973505 0.068195 8.013974 -2.601323 0.502538 21.865150 -1.149953 0.095335 9.478705 14.313274 19.900828 7.119674 0.779138 20.352447 -0.575231 1.167086 21.890365 9.286082 -0.000005 0.292901 0.000003 21.023602 -67.228685 -25.155465 66.627334 99.114951 72.539368 -2.875435 2.262464 0.235649 0.000002 0.020409 -0.000002 
1.073256 95.904526 230.075058 8.400567 12.318579 2.553194 -17.696884 -3.327925 -2.292666 -2.254564 2.734832 2.980153 -2.267071 6.857751 2.556661 1.714586 -0.789344 -1.268968 10.818110 -15.207095 -4.094758 -2.489510 1.343185 -2.132056 -21.983922 -29.001390 -39.793963 -117.638629 -0.000042 -0.000028 22.031612 -19.568863 8.698218 10.970009 -8.969120 19.655760 12.593523 4.220837 2.041967 3.874970 -0.362721 2.744100 0.228504 0.003781 -1.893877 0.982979 0.070208 -8.172666 0.114273 0.000938 -0.946950 0.226572 0.003713 -1.877904 0.984888 0.070501 -8.188634 0.114278 0.000945 -0.946943 0.228504 0.003781 -1.893874 0.982979 0.070210 -8.172671 0.869739 0.054914 -7.225835 4.281150 0.119609 -1.379093 -3.071924 0.060915 -8.682682 0.869738 0.054910 -7.225838 0.825375 0.541180 -3.885949 -28.814348 62.597311 47.982185 97.043205 -0.000032 0.000013 -14.784119 -15.165518 -15.967685 -16.916563 -3.160700 -4.444172 -22.589304 3.257309 -7.623248 -6.761521 -1.439991 -4.991396 -0.978346 0.068875 8.054094 -2.551179 0.482637 21.422882 -0.490381 0.017231 4.027182 -0.978345 0.068875 8.054098 -2.551178 0.482637 21.422883 -0.490381 0.017233 4.027182 -1.284714 0.119192 10.601392 -2.551175 0.482639 21.422883 -0.490382 0.017235 4.027182 -1.284714 0.119191 10.601391 -2.919919 0.639655 24.708276 -1.585901 0.182461 13.126314 5.951605 19.974154 3.229671 -8.404807 39.205095 -4.036449 0.793121 24.848262 3.665909 0.000000 -0.361650 0.000003 22.919296 -60.811551 -24.825033 -19.078795 65.115356 -8.799199 -6.283589 2.089533 5.684211 -0.000000 -0.767890 -0.000001 
1.099700 96.832474 248.190628 7.925420 11.431549 2.488366 -16.298476 -1.613131 -2.849098 -2.088672 2.455887 3.599239 -2.080217 6.162180 3.286108 1.523199 -1.310666 -1.109904 9.884867 -16.910565 -4.933914 -4.260017 1.761717 -3.226259 -18.203887 -13.882126 -49.884082 -115.794874 -0.000033 -0.000029 18.121289 -12.515212 7.804964 10.315497 -7.713971 18.659662 9.175363 3.990464 1.485654 2.175875 -0.521820 2.579785 0.228512 0.003787 -1.893867 0.982983 0.070216 -8.172659 0.114275 0.000948 -0.946946 0.226579 0.003720 -1.877898 0.984901 0.070505 -8.188635 0.114257 0.000927 -0.946947 0.228512 0.003787 -1.893866 0.982982 0.070216 -8.172659 0.869715 0.054900 -7.225836 4.281158 0.119626 -1.379086 -3.071936 0.060925 -8.682661 0.869723 0.054910 -7.225845 1.754513 0.758675 -1.871022 -27.215623 53.085128 54.446768 94.930743 -0.000026 0.000026 -16.770063 -10.828804 -17.817354 -13.895981 -2.929087 -5.988069 -19.151398 3.368937 -7.122903 -5.049577 -1.521117 -4.847333 -1.050542 0.079465 8.652805 -2.618976 0.509642 22.021088 -0.526771 0.019896 4.326572 -1.050542 0.079465 8.652803 -2.618975 0.509643 22.021088 -0.526771 0.019896 4.326572 -1.408941 0.143603 11.640063 -3.045849 0.699116 25.849457 -0.526772 0.019896 4.326588 -1.408941 0.143603 11.640064 -3.045849 0.699116 25.849457 -1.743213 0.221079 14.454977 4.203641 15.010350 2.078840 -21.508773 63.912286 -17.026444 -1.719770 29.496923 -0.962274 -0.000003 0.050326 -0.000003 15.473893 -50.217385 -15.374904 -7.457499 32.005891 0.079553 -3.943445 -1.197745 9.003561 -0.000002 -0.868216 -0.000003 
1.114383 96.289322 267.088287 6.916545 9.901449 2.352957 -13.299414 2.035196 -3.033568 -1.785863 1.515880 3.780338 -1.736040 4.095901 3.534040 1.145779 -1.768036 -1.082547 7.961277 -18.573537 -5.193372 -5.875910 2.122409 -4.551678 -14.616475 2.799190 -60.652087 -108.153143 -0.000045 -0.000012 7.153669 -5.250831 3.964915 9.344318 -6.242350 16.895219 7.967279 3.901150 1.292358 1.575084 -0.579249 2.522795 0.228524 0.003790 -1.893885 0.982962 0.070214 -8.172636 0.114265 0.000936 -0.946952 0.226596 0.003715 -1.877906 0.984894 0.070477 -8.188644 0.114273 0.000938 -0.946944 0.228524 0.003790 -1.893885 0.982962 0.070213 -8.172640 0.869723 0.054916 -7.225841 4.281169 0.119613 -1.379099 -3.071949 0.060912 -8.682658 0.869721 0.054921 -7.225840 2.562449 0.953780 0.558579 -22.323631 43.125377 59.919884 92.521626 -0.000041 0.000024 -9.290694 -2.193446 -22.075115 -8.261069 -2.229104 -7.679807 -13.073713 3.492254 -6.225664 -2.024851 -1.674845 -4.598877 -0.891496 0.057125 7.335008 -2.469378 0.451142 20.704352 -0.446664 0.014289 3.667613 -0.891496 0.057125 7.335010 -2.469379 0.451142 20.704356 -0.446665 0.014289 3.667613 -1.228470 0.108888 10.132345 -2.469385 0.451142 20.704368 -0.446663 0.014298 3.667611 -1.228470 0.108888 10.132347 -2.862674 0.613632 24.192889 -1.460412 0.154413 12.071560 3.897157 11.766444 1.119524 -64.421531 84.993406 -61.745648 0.523295 25.470834 2.362411 -0.000004 -0.023417 0.000001 13.805890 -43.103992 -10.198114 -9.427237 8.043770 -3.917884 -5.339641 18.733353 7.913221 -0.000001 -16.503045 0.000000 
1.227490 94.730858 285.075195 4.129885 9.095841 2.124965 -7.791321 7.220100 -2.226889 -1.119270 0.089477 2.898775 -1.078573 1.193716 2.848428 0.605674 -1.937297 -1.453551 5.178833 -19.119943 -4.410262 -7.218159 2.416600 -5.558425 -10.559292 16.759572 -67.121901 -95.313862 -0.000027 -0.000011 -2.804394 -3.551398 -0.317261 7.692777 -4.413073 13.595898 7.967289 3.901137 1.292376 1.575085 -0.579250 2.522788 0.228501 0.003776 -1.893893 0.982987 0.070225 -8.172651 0.114250 0.000948 -0.946957 0.226575 0.003711 -1.877914 0.984900 0.070504 -8.188634 0.114262 0.000952 -0.946950 0.228503 0.003776 -1.893892 0.982986 0.070227 -8.172650 0.869732 0.054902 -7.225839 4.281143 0.119616 -1.379106 -3.071922 0.060921 -8.682684 0.869731 0.054924 -7.225827 3.393818 1.206934 3.950666 -16.362292 32.308212 62.568283 89.133689 -0.000027 0.000011 7.222650 6.288539 -26.120882 -3.927693 -1.991630 -10.108392 -8.298118 3.522157 -5.514617 0.350931 -1.804670 -4.409626 -0.602841 0.026056 4.952700 -2.195728 0.354172 18.323760 -0.301706 0.006515 2.476396 -0.602841 0.026056 4.952702 -2.195727 0.354169 18.323762 -0.301705 0.006515 2.476398 -0.856525 0.052727 7.045715 -2.195718 0.354176 18.323762 -0.301701 0.006517 2.476364 -0.856525 0.052727 7.045715 -2.480422 0.455322 20.801087 -0.899821 0.058201 7.403934 1.252646 5.391341 -1.678153 12.581482 110.691890 10.336131 0.310944 14.466474 5.312746 -0.000002 -0.051014 -0.000000 5.461445 -37.733821 -3.411363 -9.111816 2.921114 -2.002032 -2.529423 33.799867 4.124237 0.000002 -21.655274 -0.000001 
1.157467 93.422966 303.890930 -0.863372 9.443207 0.333788 -0.054913 12.232568 0.396032 -0.176191 -1.368013 1.611424 -0.159679 -1.298156 1.791494 -0.064695 -1.599972 -2.141284 2.405271 -19.180353 -3.050341 -8.834044 2.791881 -6.693129 -4.626876 27.433380 -68.788850 -79.198653 -0.000032 -0.000052 -6.687040 -4.957739 -1.236613 5.440074 -2.591008 9.261558 7.967288 3.901138 1.292372 1.575080 -0.579247 2.522784 0.228513 0.003784 -1.893889 0.982984 0.070217 -8.172657 0.114270 0.000942 -0.946946 0.226580 0.003719 -1.877902 0.984899 0.070499 -8.188623 0.114266 0.000950 -0.946945 0.228513 0.003784 -1.893889 0.982982 0.070218 -8.172657 0.869725 0.054906 -7.225836 4.281149 0.119604 -1.379101 -3.071929 0.060918 -8.682687 0.869727 0.054909 -7.225842 4.563037 1.437683 6.786037 -8.855711 18.150835 62.350919 83.638153 -0.000009 0.000019 26.766454 6.365936 -25.004274 -3.048418 -1.830985 -11.731010 -8.298095 3.522156 -5.514626 0.350915 -1.804679 -4.409607 -0.387161 0.010741 3.178539 -1.989448 0.289356 16.550723 -0.193653 0.002696 1.589271 -0.387161 0.010741 3.178540 -1.989448 0.289355 16.550725 -0.193654 0.002697 1.589272 -0.497070 0.017707 4.082146 -1.989438 0.289377 16.550732 -0.193657 0.002686 1.589280 -0.497070 0.017707 4.082148 -2.105240 0.324879 17.543968 -0.359636 0.009264 2.952337 7.492684 -3.565430 2.994521 4.720202 130.200017 0.662966 -1.013843 -3.411175 10.710481 -0.000004 -0.005483 -0.000003 -1.061080 -41.726213 3.286330 1.849429 35.132990 2.177409 0.372723 -2.719349 -4.135926 -0.000001 -2.446494 -0.000001 
0.793461 92.600578 322.253265 -5.179765 9.214219 -2.318318 7.035254 15.018199 3.490209 0.726007 -2.712778 1.021240 0.745101 -2.856144 1.160884 -0.831644 -0.467441 -2.826801 -0.103256 -19.732476 -1.387041 -9.658527 2.969990 -7.147218 -0.671483 37.371735 -68.732583 -65.518842 -0.000014 -0.000033 -5.405267 -5.575459 0.751057 3.691557 -1.536878 6.043211 7.967281 3.901145 1.292364 1.575078 -0.579242 2.522774 0.228519 0.003766 -1.893882 0.982978 0.070223 -8.172651 0.114273 0.000954 -0.946947 0.226587 0.003705 -1.877919 0.984893 0.070486 -8.188635 0.114276 0.000953 -0.946947 0.228519 0.003766 -1.893882 0.982978 0.070223 -8.172649 0.869728 0.054911 -7.225848 4.281160 0.119606 -1.379100 -3.071937 0.060912 -8.682665 0.869728 0.054924 -7.225844 5.157201 1.500127 6.644242 0.121768 1.942574 59.867503 76.725789 -0.000008 0.000027 37.777759 -5.177169 -22.301488 -4.923185 -1.476557 -12.801276 -8.298117 3.522167 -5.514630 0.350920 -1.804688 -4.409613 -0.387166 0.010740 3.178543 -1.989460 0.289386 16.550737 -0.193658 0.002683 1.589290 -0.387166 0.010740 3.178543 -1.989460 0.289386 16.550735 -0.193658 0.002683 1.589289 -0.387166 0.010739 3.178543 -1.989460 0.289387 16.550737 -0.193658 0.002683 1.589290 -0.387166 0.010740 3.178543 -1.989460 0.289386 16.550737 -0.193658 0.002683 1.589290 11.507454 -19.985526 5.978840 -10.792432 141.484350 -7.623187 -0.548379 -7.154403 -1.189993 0.000002 0.270443 0.000002 -2.937664 -34.876589 7.882527 11.301427 46.571129 7.284919 0.878684 -16.894162 -6.521016 0.000002 -6.791845 -0.000001 
0.621685 91.922775 339.841217 -6.605553 8.183322 -4.097368 12.017138 15.103413 5.155681 1.375714 -3.665996 1.077765 1.395204 -3.647491 1.051064 -1.669985 1.733908 -3.191431 -3.222765 -20.468718 0.497797 -8.912168 2.775488 -5.754781 0.465180 49.640022 -66.624534 -63.402979 -0.000021 -0.000019 -1.501400 -6.248917 0.837256 3.721415 -1.537093 6.046815 8.010307 3.904394 1.299239 1.596474 -0.577186 2.524788 0.427842 0.013265 -3.547567 1.180086 0.101419 -9.826054 0.214028 0.003327 -1.773783 0.425919 0.013142 -3.531590 1.181991 0.101770 -9.842011 0.214025 0.003310 -1.773778 0.427842 0.013265 -3.547568 1.180086 0.101419 -9.826056 0.968622 0.068191 -8.052568 4.475474 0.245864 -3.027992 -2.875114 0.093911 -10.336081 0.968627 0.068157 -8.052568 5.145007 1.475234 5.459707 6.705625 -9.734726 55.302365 76.850857 -0.000018 0.000032 28.908455 -14.910378 -23.068373 -7.691341 -0.851671 -13.631719 -8.292947 3.523095 -5.514313 0.353539 -1.804356 -4.409651 -0.387153 0.010740 3.178542 -1.989459 0.289386 16.550720 -0.193656 0.002686 1.589288 -0.387153 0.010740 3.178543 -1.989458 0.289386 16.550721 -0.193656 0.002686 1.589288 -0.387153 0.010740 3.178542 -1.989458 0.289386 16.550720 -0.193656 0.002686 1.589288 -0.387153 0.010740 3.178542 -1.989459 0.289386 16.550720 -0.193656 0.002686 1.589288 8.789671 -40.305295 6.691779 -12.120993 143.189220 -5.753445 2.864001 -0.674901 1.089803 -0.000003 -0.109092 0.000003 -5.349270 -21.862648 8.442495 11.521627 48.188262 6.144265 7.825449 -21.684681 -10.122404 0.000004 -16.507440 -0.000002 
0.433384 92.000198 360.287323 -6.228542 7.669219 -3.678073 14.851043 12.945158 3.958251 1.780234 -3.414878 1.241072 1.784091 -3.370480 1.115790 -2.490456 4.380921 -3.248405 -7.078280 -19.662609 2.109848 -8.378608 2.608589 -4.464978 7.775749 61.496011 -57.629557 -72.400565 -0.000008 -0.000044 4.008261 -9.367972 -2.417491 3.727962 -1.537152 6.047618 8.019725 3.905094 1.300700 1.601163 -0.576721 2.525256 0.716304 0.037179 -5.946063 1.464187 0.156795 -12.224048 0.358636 0.009310 -2.973096 0.714384 0.036989 -5.930086 1.466072 0.157202 -12.240046 0.358638 0.009320 -2.973088 0.716305 0.037180 -5.946063 1.464187 0.156796 -12.224050 1.111723 0.089953 -9.251705 4.750696 0.438802 -5.418867 -2.591512 0.151753 -12.734128 1.111722 0.089954 -9.251708 4.791342 1.406382 4.248421 9.277743 -13.168337 49.913383 92.441781 -0.000025 0.000022 5.844476 -13.309275 -21.990095 -10.338843 -0.128894 -14.282219 -8.363287 3.521996 -5.524245 0.318482 -1.802926 -4.412128 -0.387160 0.010730 3.178549 -1.989463 0.289357 16.550708 -0.193653 0.002696 1.589285 -0.387160 0.010730 3.178550 -1.989463 0.289358 16.550708 -0.193653 0.002695 1.589287 -0.387160 0.010731 3.178549 -1.989464 0.289358 16.550708 -0.193653 0.002696 1.589286 -0.387160 0.010730 3.178549 -1.989464 0.289357 16.550708 -0.193653 0.002696 1.589285 0.999015 -51.194484 8.685949 -13.004821 126.340564 -12.002031 2.915773 5.084254 6.264680 0.000000 0.000016 -0.000002 -4.876126 -0.852981 5.583344 9.699948 34.209631 1.680327 8.408988 -16.494222 -9.471494 0.000006 -31.272243 -0.000001 
