HIERARCHY
ROOT mixamorig:Hips
{
	OFFSET 0.000000 99.791901 0.000000
	CHANNELS 6 Xposition Yposition Zposition Yrotation Xrotation Zrotation
	JOINT mixamorig:Spine
	{
		OFFSET 0.000038 9.923500 -1.227300
		CHANNELS 3 Yrotation Xrotation Zrotation
		JOINT mixamorig:Spine1
		{
			OFFSET -0.001154 11.645462 -1.422353
			CHANNELS 3 Yrotation Xrotation Zrotation
			JOINT mixamorig:Spine2
			{
				OFFSET -0.001065 13.360161 -1.626458
				CHANNELS 3 Yrotation Xrotation Zrotation
				JOINT mixamorig:Neck
				{
					OFFSET -0.001308 15.032516 0.792905
					CHANNELS 3 Yrotation Xrotation Zrotation
					JOINT mixamorig:Head
					{
						OFFSET -0.000902 10.321808 3.142400
						CHANNELS 3 Yrotation Xrotation Zrotation
						End Site
						{
							OFFSET -0.001707 19.630493 -0.000000
						}
					}
				}
				JOINT mixamorig:LeftShoulder
				{
					OFFSET 6.105007 9.110962 0.705601
					CHANNELS 3 Yrotation Xrotation Zrotation
					JOINT mixamorig:LeftArm
					{
						OFFSET 12.655048 -0.266434 -2.600898
						CHANNELS 3 Yrotation Xrotation Zrotation
						JOINT mixamorig:LeftForeArm
						{
							OFFSET 27.404696 0.000000 0.000000
							CHANNELS 3 Yrotation Xrotation Zrotation
							JOINT mixamorig:LeftHand
							{
								OFFSET 27.614513 0.000000 0.000000
								CHANNELS 3 Yrotation Xrotation Zrotation
								JOINT mixamorig:LeftHandThumb1
								{
									OFFSET 3.788795 -2.167099 3.003002
									CHANNELS 3 Yrotation Xrotation Zrotation
									JOINT mixamorig:LeftHandThumb2
									{
										OFFSET 3.675461 -2.122025 2.122029
										CHANNELS 3 Yrotation Xrotation Zrotation
										JOINT mixamorig:LeftHandThumb3
										{
											OFFSET 3.394363 -1.959732 1.959735
											CHANNELS 3 Yrotation Xrotation Zrotation
											End Site
											{
												OFFSET 2.679413 -1.546967 1.546960
											}
										}
									}
								}
								JOINT mixamorig:LeftHandIndex1
								{
									OFFSET 12.266594 -0.231796 2.822001
									CHANNELS 3 Yrotation Xrotation Zrotation
									JOINT mixamorig:LeftHandIndex2
									{
										OFFSET 3.891998 0.000000 0.000000
										CHANNELS 3 Yrotation Xrotation Zrotation
										JOINT mixamorig:LeftHandIndex3
										{
											OFFSET 3.415207 0.000000 0.000000
											CHANNELS 3 Yrotation Xrotation Zrotation
											End Site
											{
												OFFSET 3.077995 0.000000 0.000000
											}
										}
									}
								}
								JOINT mixamorig:LeftHandMiddle1
								{
									OFFSET 12.775497 0.000000 0.000000
									CHANNELS 3 Yrotation Xrotation Zrotation
									JOINT mixamorig:LeftHandMiddle2
									{
										OFFSET 3.613998 0.000000 0.000000
										CHANNELS 3 Yrotation Xrotation Zrotation
										JOINT mixamorig:LeftHandMiddle3
										{
											OFFSET 3.459793 0.000000 0.000000
											CHANNELS 3 Yrotation Xrotation Zrotation
											End Site
											{
												OFFSET 3.680214 0.000000 0.000000
											}
										}
									}
								}
								JOINT mixamorig:LeftHandRing1
								{
									OFFSET 12.146996 0.009995 -2.216599
									CHANNELS 3 Yrotation Xrotation Zrotation
									JOINT mixamorig:LeftHandRing2
									{
										OFFSET 3.601196 0.000000 0.000000
										CHANNELS 3 Yrotation Xrotation Zrotation
										JOINT mixamorig:LeftHandRing3
										{
											OFFSET 3.307304 0.000000 0.000000
											CHANNELS 3 Yrotation Xrotation Zrotation
											End Site
											{
												OFFSET 3.660095 0.000000 0.000000
											}
										}
									}
								}
								JOINT mixamorig:LeftHandPinky1
								{
									OFFSET 10.908195 -0.226105 -4.725800
									CHANNELS 3 Yrotation Xrotation Zrotation
									JOINT mixamorig:LeftHandPinky2
									{
										OFFSET 4.136703 0.000000 0.000000
										CHANNELS 3 Yrotation Xrotation Zrotation
										JOINT mixamorig:LeftHandPinky3
										{
											OFFSET 2.594803 0.000000 0.000000
											CHANNELS 3 Yrotation Xrotation Zrotation
											End Site
											{
												OFFSET 2.923904 0.000000 0.000000
											}
										}
									}
								}
							}
						}
					}
				}
				JOINT mixamorig:RightShoulder
				{
					OFFSET -6.106493 9.110001 0.705582
					CHANNELS 3 Yrotation Xrotation Zrotation
					JOINT mixamorig:RightArm
					{
						OFFSET -12.655064 -0.265533 -2.600914
						CHANNELS 3 Yrotation Xrotation Zrotation
						JOINT mixamorig:RightForeArm
						{
							OFFSET -27.404697 0.000000 -0.000000
							CHANNELS 3 Yrotation Xrotation Zrotation
							JOINT mixamorig:RightHand
							{
								OFFSET -27.614510 0.000000 -0.000000
								CHANNELS 3 Yrotation Xrotation Zrotation
								JOINT mixamorig:RightHandThumb1
								{
									OFFSET -3.788803 -2.167099 3.003001
									CHANNELS 3 Yrotation Xrotation Zrotation
									JOINT mixamorig:RightHandThumb2
									{
										OFFSET -3.675461 -2.122025 2.122028
										CHANNELS 3 Yrotation Xrotation Zrotation
										JOINT mixamorig:RightHandThumb3
										{
											OFFSET -3.394363 -1.959732 1.959735
											CHANNELS 3 Yrotation Xrotation Zrotation
											End Site
											{
												OFFSET -2.679413 -1.546967 1.546959
											}
										}
									}
								}
								JOINT mixamorig:RightHandIndex1
								{
									OFFSET -12.266602 -0.231796 2.822000
									CHANNELS 3 Yrotation Xrotation Zrotation
									JOINT mixamorig:RightHandIndex2
									{
										OFFSET -3.891998 0.000000 0.000000
										CHANNELS 3 Yrotation Xrotation Zrotation
										JOINT mixamorig:RightHandIndex3
										{
											OFFSET -3.415207 0.000000 0.000000
											CHANNELS 3 Yrotation Xrotation Zrotation
											End Site
											{
												OFFSET -3.077995 0.000000 0.000000
											}
										}
									}
								}
								JOINT mixamorig:RightHandMiddle1
								{
									OFFSET -12.775505 0.000000 -0.000000
									CHANNELS 3 Yrotation Xrotation Zrotation
									JOINT mixamorig:RightHandMiddle2
									{
										OFFSET -3.613998 0.000000 0.000000
										CHANNELS 3 Yrotation Xrotation Zrotation
										JOINT mixamorig:RightHandMiddle3
										{
											OFFSET -3.459793 0.000000 0.000000
											CHANNELS 3 Yrotation Xrotation Zrotation
											End Site
											{
												OFFSET -3.680214 0.000000 0.000000
											}
										}
									}
								}
								JOINT mixamorig:RightHandRing1
								{
									OFFSET -12.147003 0.009995 -2.216600
									CHANNELS 3 Yrotation Xrotation Zrotation
									JOINT mixamorig:RightHandRing2
									{
										OFFSET -3.601196 0.000000 0.000000
										CHANNELS 3 Yrotation Xrotation Zrotation
										JOINT mixamorig:RightHandRing3
										{
											OFFSET -3.307304 0.000000 0.000000
											CHANNELS 3 Yrotation Xrotation Zrotation
											End Site
											{
												OFFSET -3.660103 0.000000 0.000000
											}
										}
									}
								}
								JOINT mixamorig:RightHandPinky1
								{
									OFFSET -10.908203 -0.226105 -4.725801
									CHANNELS 3 Yrotation Xrotation Zrotation
									JOINT mixamorig:RightHandPinky2
									{
										OFFSET -4.136703 0.000000 0.000000
										CHANNELS 3 Yrotation Xrotation Zrotation
										JOINT mixamorig:RightHandPinky3
										{
											OFFSET -2.594803 0.000000 0.000000
											CHANNELS 3 Yrotation Xrotation Zrotation
											End Site
											{
												OFFSET -2.923904 0.000000 0.000000
											}
										}
									}
								}
							}
						}
					}
				}
			}
		}
	}
	JOINT mixamorig:LeftUpLeg
	{
		OFFSET 9.124481 -6.656403 -0.055368
		CHANNELS 3 Yrotation Xrotation Zrotation
		JOINT mixamorig:LeftLeg
		{
			OFFSET 0.244688 -40.595383 -0.515629
			CHANNELS 3 Yrotation Xrotation Zrotation
			JOINT mixamorig:LeftFoot
			{
				OFFSET -0.244684 -42.047905 -2.059130
				CHANNELS 3 Yrotation Xrotation Zrotation
				JOINT mixamorig:LeftToeBase
				{
					OFFSET 0.373535 -7.208565 13.966596
					CHANNELS 3 Yrotation Xrotation Zrotation
					End Site
					{
						OFFSET -0.142057 -0.175231 9.997458
					}
				}
			}
		}
	}
	JOINT mixamorig:RightUpLeg
	{
		OFFSET -9.124419 -6.656395 -0.055432
		CHANNELS 3 Yrotation Xrotation Zrotation
		JOINT mixamorig:RightLeg
		{
			OFFSET -0.244683 -40.595413 -0.514284
			CHANNELS 3 Yrotation Xrotation Zrotation
			JOINT mixamorig:RightFoot
			{
				OFFSET 0.244687 -42.047836 -2.060526
				CHANNELS 3 Yrotation Xrotation Zrotation
				JOINT mixamorig:RightToeBase
				{
					OFFSET -0.373540 -7.208565 13.966594
					CHANNELS 3 Yrotation Xrotation Zrotation
					End Site
					{
						OFFSET 0.141792 -0.175015 9.997463
					}
				}
			}
		}
	}
}
MOTION
Frames: 24
Frame Time: 0.033333
0.046328 84.318680 0.082553 -2.423888 9.197493 13.813507 3.743847 10.864509 -0.436823 1.070414 0.739667 0.155400 1.057770 0.743884 0.151860 -2.314953 -6.235263 0.413278 -10.265643 -14.122676 2.787094 2.220394 0.955627 -17.060465 11.333393 34.146646 -55.324201 -58.805511 -0.000020 -0.000019 -4.831846 17.733012 7.576705 0.273169 -9.674793 1.529613 21.964020 17.246390 3.366158 -26.808306 -16.343811 9.257912 2.883856 -3.843693 -61.741707 5.115713 2.983038 -60.472985 3.343562 1.044523 -34.689879 4.599468 -2.833513 -64.180043 5.574057 4.007877 -71.414067 4.802955 2.490157 -54.791122 6.224143 -3.990135 -78.211663 5.735781 4.582465 -77.228286 4.071879 1.639957 -43.861491 7.377698 -0.919566 -82.719827 5.804220 4.932055 -80.698822 5.557737 3.960134 -70.923011 3.910812 0.565745 15.071866 15.631533 16.205104 48.634430 70.793162 -0.000015 0.000007 12.025567 -3.880723 -16.355231 7.258874 -6.698682 -19.432506 -28.456071 14.123325 7.188748 21.181281 -4.796520 -21.210114 10.945308 -3.953045 27.602961 -4.582177 3.759157 78.721229 -2.367204 0.644686 30.466373 0.191836 -4.887204 47.710446 -4.266371 2.768901 65.954745 -2.581597 0.778739 33.567938 -1.276085 -3.941251 51.214237 -4.547058 3.598225 76.701406 -2.247093 0.576413 28.771496 -3.308346 -2.235796 56.956346 -3.935675 2.155767 57.411066 -2.596954 0.788963 33.794171 -7.954565 -56.344399 22.902724 -7.148799 113.810711 -7.027795 1.262498 -8.378683 -7.920932 -0.000006 9.404997 0.000003 -6.569325 -6.455154 10.898276 -1.518593 39.754402 1.755720 9.315377 -27.274894 -31.778524 -0.000000 -17.268912 -0.000000 
1.212393 86.029175 13.612589 -1.867057 9.977341 16.228550 5.023532 9.112889 -1.591921 1.430821 0.567343 -0.114868 1.423609 0.567411 -0.117252 -2.534363 -6.372502 0.121982 -13.020727 -12.821594 2.941722 1.379921 0.888742 -16.892834 15.719788 39.039001 -50.476030 -63.354055 -0.000006 -0.000022 -3.876107 17.602945 6.185312 0.273169 -9.674794 1.529615 21.618175 17.208327 3.238579 -27.135758 -16.410441 9.283169 2.820519 -3.837635 -61.414425 5.098478 2.952853 -60.134877 3.315603 1.025300 -34.359485 4.554104 -2.836101 -63.850589 5.562993 3.975352 -71.079887 4.783263 2.462455 -54.460363 6.170495 -3.997916 -77.883500 5.728022 4.548732 -76.891155 4.047274 1.616464 -43.530356 7.373221 -0.953271 -82.389000 5.798625 4.898617 -80.368507 5.546530 3.928132 -70.592976 2.164498 0.663412 14.424386 10.543684 15.745498 44.022543 80.711662 -0.000030 0.000022 12.391816 -4.280194 -17.130996 7.258871 -6.698685 -19.432508 -30.114232 14.534472 6.383245 19.474813 -4.720352 -21.564236 10.780134 -3.875589 29.341673 -4.607778 3.898114 80.453823 -2.487891 0.718143 32.199226 -0.113871 -4.937090 49.429239 -4.323278 2.901768 67.726134 -2.697984 0.858514 35.298025 -1.549918 -3.949963 52.937531 -4.577991 3.738408 78.461511 -2.369789 0.646204 30.503072 -3.525628 -2.188204 58.683428 -4.010633 2.276945 59.157088 -2.713106 0.869260 35.525767 -7.596000 -66.870762 15.767965 -31.617963 104.237675 -30.970834 3.024914 -8.752681 -9.652210 -0.000011 7.561836 -0.000005 -7.545040 -0.022626 6.202536 -4.013775 36.507935 -1.999759 7.204086 -15.076367 -26.583332 0.353277 -32.017116 -1.241938 
2.382057 88.064865 27.065720 -1.123615 10.860090 18.827153 6.397318 7.223776 -2.901462 1.828990 0.381637 -0.407170 1.827510 0.376567 -0.408313 -2.764408 -6.534016 -0.199792 -15.944877 -11.507561 2.990186 0.515166 0.824292 -16.684552 21.545210 44.533687 -44.642735 -68.247831 -0.000029 -0.000040 -2.877708 17.580388 4.605235 0.273171 -9.674795 1.529616 20.721336 17.108557 2.900802 -27.986818 -16.586126 9.342998 2.658392 -3.816599 -60.564025 5.052880 2.874945 -59.256645 3.242513 0.976136 -33.501292 4.436549 -2.841785 -62.994807 5.533377 3.891258 -70.212009 4.731362 2.391013 -53.601166 6.031348 -4.016747 -77.031051 5.706877 4.461305 -76.015450 3.982762 1.556114 -42.670152 7.361020 -1.038653 -81.529427 5.783189 4.811919 -79.510615 5.516599 3.845307 -69.735808 0.279923 0.727350 13.690633 5.252985 14.715970 39.004980 91.590713 -0.000019 0.000013 12.877133 -4.807679 -18.088380 7.258868 -6.698684 -19.432505 -33.876782 15.442783 4.780182 15.723889 -4.635468 -22.208336 10.477002 -3.701457 33.168908 -4.649180 4.205925 84.264051 -2.745063 0.892284 36.008774 -0.788315 -5.012745 53.209680 -4.433793 3.199707 71.621138 -2.945006 1.045979 39.101405 -2.150170 -3.938828 56.726661 -4.630760 4.049524 82.332193 -2.631807 0.812516 34.309778 -3.996189 -2.059856 62.479859 -4.162235 2.551068 62.996010 -2.959627 1.057913 39.332553 -4.269993 -70.185398 7.129101 -125.857956 102.467236 -126.314049 5.566644 -11.550536 -10.273076 0.000001 5.892836 0.000002 -8.604664 7.798514 0.865565 -2.702847 29.553508 -3.282244 3.844025 -0.269970 -15.855642 6.339925 -40.741235 -11.657850 
3.348015 89.980209 40.390533 -0.312677 11.407836 21.181725 7.319162 5.702974 -4.178928 2.125739 0.229236 -0.669751 2.129691 0.219257 -0.669942 -2.960847 -6.660066 -0.478239 -18.540989 -10.370035 2.992753 -0.293627 0.774618 -16.579454 27.401192 48.578590 -38.849180 -72.292423 -0.000008 -0.000046 -2.059186 17.537557 3.367239 0.273171 -9.674799 1.529612 19.472121 16.966142 2.413436 -29.177055 -16.838443 9.413101 2.433092 -3.782788 -59.375838 4.987189 2.767286 -58.029444 3.139172 0.909286 -32.302055 4.272801 -2.847132 -61.798923 5.489876 3.774496 -68.999356 4.657085 2.292508 -52.400573 5.837387 -4.039870 -75.839723 5.675145 4.339746 -74.791917 3.891088 1.473424 -41.468080 7.342156 -1.156294 -80.328093 5.759430 4.691180 -78.311957 5.472689 3.730341 -68.538093 -1.361594 0.746889 13.051307 0.916006 13.807843 35.033901 100.467356 -0.000021 0.000038 13.192287 -5.170104 -18.749523 7.258871 -6.698686 -19.432503 -37.846293 16.375006 3.397853 11.915441 -4.653455 -22.672728 10.251200 -3.527179 37.071962 -4.670171 4.521505 88.145661 -2.994515 1.086783 39.887704 -1.475713 -5.041874 57.060824 -4.525267 3.510090 75.588392 -3.183272 1.253330 42.974072 -2.756580 -3.885125 60.585164 -4.662744 4.369278 86.275357 -2.886693 0.999360 38.185791 -4.463456 -1.896396 66.344646 -4.297409 2.840014 66.905617 -3.197238 1.266407 43.208699 -1.440068 -65.218867 0.718105 -162.279448 125.089259 -164.796359 7.884964 -13.842791 -9.508848 -0.000004 4.354616 -0.000002 -10.012997 18.078819 -3.392226 0.470289 17.471998 -3.811767 1.279465 16.152994 -9.391093 0.728716 -7.965541 -3.698795 
3.950287 91.167122 53.418915 0.354378 11.225272 22.887245 7.293648 5.007650 -5.220201 2.181949 0.153726 -0.848593 2.190373 0.140868 -0.848495 -3.079386 -6.689071 -0.640613 -20.307735 -9.573209 3.070154 -0.965465 0.743630 -16.721311 30.538957 49.202753 -35.088970 -74.293450 -0.000021 -0.000026 -1.632678 17.293018 3.004867 0.273169 -9.674800 1.529619 18.068567 16.799829 1.842057 -30.521236 -17.133965 9.473838 2.180669 -3.738431 -58.034970 4.910306 2.647491 -56.644436 3.020901 0.836457 -30.948465 4.088796 -2.849543 -60.449148 5.437825 3.643857 -67.630785 4.570778 2.183231 -51.045511 5.619193 -4.061436 -74.494947 5.636194 4.203383 -73.411242 3.785595 1.382421 -40.111328 7.317510 -1.291781 -78.972450 5.729616 4.555553 -76.959375 5.420239 3.601733 -67.186467 -2.379534 0.743961 12.702645 -1.653350 14.053411 33.461944 104.378609 -0.000044 0.000020 13.023348 -5.092084 -18.635865 7.258871 -6.698682 -19.432506 -39.875327 16.845915 2.803663 10.016037 -4.696984 -22.833018 10.168419 -3.444110 39.028176 -4.672637 4.679885 90.090024 -3.114336 1.190397 41.829844 -1.819080 -5.038369 58.989496 -4.562937 3.667701 77.575281 -3.297190 1.363071 44.913142 -3.057440 -3.842396 62.517015 -4.670465 4.530029 88.250443 -3.009424 1.099286 40.126450 -4.692204 -1.802511 68.279325 -4.357629 2.988007 68.863490 -3.310801 1.376711 45.149477 -1.009250 -51.662496 -2.088695 -169.093941 158.386964 -175.028010 6.783731 -8.273503 -7.430238 -0.000001 2.903667 -0.000000 -10.330990 21.516095 -5.877712 2.287386 18.332762 -4.418711 -0.122502 25.882877 -4.410945 0.000004 5.851618 -0.000004 
4.115288 90.840126 66.419777 0.361724 9.951492 22.858999 6.056755 5.568528 -5.235832 1.847522 0.208186 -0.839913 1.857561 0.196509 -0.840530 -3.072039 -6.543696 -0.613677 -20.650402 -9.125745 3.264850 -1.161633 0.741172 -17.195811 28.294564 45.231972 -36.346783 -73.167193 -0.000011 -0.000020 -1.700756 16.756466 4.104677 0.273171 -9.674793 1.529615 16.706088 16.630216 1.262791 -31.833360 -17.434758 9.515082 1.936367 -3.688941 -56.726582 4.832501 2.532392 -55.292717 2.903849 0.768101 -29.627322 3.910106 -2.848284 -59.131789 5.384019 3.517596 -66.295285 4.484108 2.078580 -49.723033 5.407089 -4.077970 -73.182308 5.595019 4.071257 -72.063912 3.680592 1.296035 -38.787159 7.289906 -1.426718 -77.649634 5.697417 4.423897 -75.639523 5.366163 3.477433 -65.867428 -2.248382 0.741642 12.789791 -1.458199 16.199843 35.426962 100.988691 -0.000023 0.000013 12.042260 -4.332371 -17.364928 7.258867 -6.698684 -19.432505 -39.348880 16.714035 2.871410 10.505073 -4.667450 -22.833421 10.173768 -3.457760 38.517055 -4.672502 4.638535 89.582569 -3.083416 1.162968 41.323024 -1.737450 -5.027612 58.485448 -4.553668 3.626559 77.057941 -3.267753 1.334018 44.406086 -2.985124 -3.843321 62.012121 -4.668967 4.488122 87.735604 -2.977689 1.072778 39.619424 -4.672346 -1.834099 67.771521 -4.342525 2.949460 68.356219 -3.281510 1.347549 44.642769 -1.459758 -40.952561 -2.715280 -170.932246 177.969308 -178.275628 5.060582 -0.779934 -8.686962 -0.000000 1.147240 -0.000000 -7.577815 16.163057 -4.755782 0.702616 38.657747 -4.702482 -0.319520 24.803453 -1.746435 0.000002 3.350713 -0.000001 
3.936108 89.358147 79.575966 -0.025748 7.909754 21.603888 3.903892 7.090620 -4.630427 1.226084 0.356438 -0.718736 1.236237 0.347727 -0.720851 -2.972327 -6.276214 -0.445580 -19.977236 -9.013137 3.634368 -1.130610 0.757674 -17.950280 22.955666 37.810100 -40.694749 -69.647275 -0.000016 -0.000020 -2.254286 16.005749 6.253755 0.273169 -9.674795 1.529618 15.576503 16.479728 0.763393 -32.927379 -17.695919 9.536471 1.734295 -3.643010 -55.635705 4.765568 2.437839 -54.165473 2.805043 0.713173 -28.525518 3.761824 -2.844506 -58.033174 5.336930 3.413327 -65.181609 4.409973 1.992859 -48.620121 5.230893 -4.088341 -72.087572 5.558329 3.961835 -70.940476 3.591526 1.225871 -37.682792 7.264087 -1.541247 -76.546627 5.668246 4.314694 -74.539016 5.318889 3.374755 -64.767494 -1.331838 0.738677 13.226968 1.244742 19.476395 40.418252 91.838041 -0.000027 0.000026 10.581744 -2.940233 -15.182720 7.258873 -6.698686 -19.432510 -37.554118 16.269490 3.182028 12.178132 -4.585145 -22.791330 10.208933 -3.511874 36.777321 -4.669360 4.497848 87.855207 -2.976308 1.071658 39.597472 -1.456675 -4.992074 56.769879 -4.519270 3.487013 75.296019 -3.165678 1.237041 42.680291 -2.736132 -3.847383 60.293529 -4.661134 4.345463 85.982581 -2.867913 0.984655 37.893282 -4.582301 -1.939962 66.044084 -4.288474 2.819149 66.627416 -3.179899 1.250208 42.917688 -1.805101 -37.367565 -2.435577 -171.981827 177.422401 -177.693846 2.600204 2.733260 -13.686366 0.000000 -0.651633 0.000001 -4.449601 10.805573 -1.222655 -5.288348 60.198453 -8.885001 0.391701 22.140483 0.116760 0.000005 -2.959103 -0.000001 
3.680637 87.460876 92.567833 -0.066525 5.997207 21.099873 1.587393 8.631956 -4.925568 0.600310 0.484370 -0.738534 0.614190 0.476439 -0.742199 -2.871412 -6.042509 -0.265214 -19.466510 -9.394978 4.351670 -1.843884 0.729008 -18.914938 17.460573 28.965716 -44.019958 -65.497136 -0.000020 -0.000039 -3.335828 15.080631 8.326220 0.273169 -9.674798 1.529615 14.866957 16.379285 0.440696 -33.617771 -17.865955 9.544188 1.607546 -3.611851 -54.947140 4.722367 2.378834 -53.453907 2.742141 0.679469 -27.829940 3.668542 -2.840826 -57.339636 5.306149 3.347926 -64.478646 4.362347 1.939493 -47.923899 5.120018 -4.093298 -71.396432 5.534055 3.893122 -70.231331 3.534609 1.182472 -36.985628 7.246470 -1.614338 -75.850385 5.648771 4.246072 -73.844331 5.288037 3.310411 -64.073192 -0.763974 0.742490 13.859741 4.867171 22.566395 47.029431 80.141868 -0.000017 0.000008 9.408326 -1.175132 -12.625565 7.258868 -6.698683 -19.432505 -34.881971 15.603917 3.756067 14.688925 -4.493698 -22.658787 10.289733 -3.601929 34.180527 -4.656725 4.288094 85.276633 -2.811427 0.941385 37.020865 -1.040635 -4.924039 54.208944 -4.459963 3.280802 72.665706 -3.007989 1.098095 40.103326 -2.365181 -3.840054 57.727543 -4.641270 4.133136 83.365853 -2.699173 0.859344 35.315917 -4.439947 -2.098588 63.464786 -4.200482 2.627770 64.046274 -3.022830 1.110637 40.341843 -1.800028 -40.685565 -2.888726 -173.239006 160.256715 -175.500891 1.642788 -0.803875 -19.143164 0.000002 -1.339335 0.000003 -3.433538 5.235725 1.167072 -23.549847 78.500054 -26.168849 1.204756 19.545172 1.777296 -0.000001 -7.254575 0.000002 
3.319508 85.288467 104.672211 1.028005 5.064113 23.743553 -0.833205 9.363237 -8.128923 0.106284 0.488576 -1.230153 0.136096 0.478604 -1.235190 -2.838995 -6.056997 -0.104515 -20.111784 -10.981942 5.985721 -4.644919 0.504710 -20.074078 10.889614 17.886194 -43.974445 -61.411563 -0.000017 -0.000036 -5.083553 14.337754 9.296515 0.273171 -9.674799 1.529611 14.861783 16.374135 0.452590 -33.620035 -17.856944 9.559755 1.592338 -3.592607 -54.948500 4.722122 2.378528 -53.450055 2.742078 0.679436 -27.829466 3.672048 -2.835268 -57.338776 5.306128 3.347902 -64.478338 4.362289 1.939415 -47.922940 5.122652 -4.085288 -71.395435 5.534036 3.893086 -70.230997 3.534527 1.182409 -36.984559 7.257233 -1.614880 -75.848889 5.648784 4.246114 -73.844980 5.288016 3.310364 -64.072721 -1.592377 0.818894 14.901647 7.973410 24.424244 55.273528 65.478346 -0.000025 0.000034 8.534997 1.261627 -9.348734 7.258871 -6.698684 -19.432506 -31.682710 14.792754 4.619377 17.737098 -4.438658 -22.388901 10.433753 -3.721547 31.046850 -4.628911 4.035967 82.164457 -2.604806 0.794215 33.909809 -0.544306 -4.818291 51.118143 -4.375844 3.035803 69.490529 -2.809517 0.939977 36.991837 -1.919395 -3.809836 54.629687 -4.604400 3.878310 80.207465 -2.488199 0.718352 32.203840 -4.254808 -2.290720 60.350486 -4.082924 2.402281 60.930232 -2.825119 0.951771 37.231675 -1.054583 -41.205042 -6.002734 -173.425497 146.098320 -175.121324 2.095633 -2.616814 -19.865494 -0.000001 -0.034726 -0.000004 -5.165779 -6.957382 -1.968736 18.721402 99.463995 16.936016 1.227981 15.192695 1.118671 0.000002 -3.556709 -0.000001 
2.483765 83.416359 115.667755 2.576153 5.114366 26.471025 -4.150484 10.007194 -11.171638 -0.581094 0.396034 -1.754392 -0.526525 0.391365 -1.762112 -2.833616 -6.506492 0.058798 -21.269264 -13.063015 7.860444 -7.896050 0.201408 -20.751906 4.723559 6.000143 -41.582752 -59.443819 -0.000016 -0.000003 -6.125352 14.214693 10.822678 0.273167 -9.674795 1.529611 16.319024 16.549280 1.234067 -32.179169 -17.428177 9.674022 1.721539 -3.490305 -56.414846 4.810546 2.500960 -54.919492 2.874099 0.751304 -29.294456 3.898975 -2.791862 -58.795928 5.370079 3.486164 -65.960612 4.461579 2.052200 -49.385563 5.378573 -4.001839 -72.846242 5.584225 4.038303 -71.726296 3.653355 1.274301 -38.447736 7.387328 -1.468624 -77.306601 5.689122 4.391970 -75.318265 5.352104 3.446346 -65.535447 -2.831622 0.938380 16.018578 8.158182 24.017957 61.800419 52.887784 0.000009 0.000000 5.059313 5.134135 -5.396164 7.258874 -6.698683 -19.432503 -28.313098 13.909974 5.740704 21.013145 -4.454502 -21.969814 10.645463 -3.857124 27.696475 -4.584011 3.768329 78.835744 -2.375249 0.649434 30.580908 -0.021993 -4.677112 47.813018 -4.270982 2.779266 66.093924 -2.588041 0.783000 33.662557 -1.446357 -3.752003 51.315887 -4.549459 3.608387 76.829246 -2.254391 0.580439 28.873931 -4.040046 -2.496019 57.018204 -3.943808 2.168527 57.596499 -2.604393 0.793937 33.903785 1.018004 -39.643719 -8.533785 -176.775787 135.164608 -178.133191 3.582959 -10.345948 -20.088266 -0.000003 -0.000022 -0.000003 -5.432139 -24.805300 -4.639836 -0.303488 114.583827 -0.916597 1.206767 9.810178 0.172558 0.000003 0.596745 -0.000003 
0.823612 82.740662 126.968300 3.441539 5.081386 25.452481 -7.718085 10.620230 -10.188389 -1.544061 0.283408 -1.572515 -1.485148 0.293991 -1.581416 -2.608378 -6.912197 -0.008493 -20.678615 -14.229923 8.384578 -10.306949 -0.024474 -20.945707 0.735478 -2.941596 -38.209502 -62.574819 -0.000004 -0.000019 -8.458555 10.706872 14.252860 0.273169 -9.674802 1.529612 19.090022 16.845120 2.636494 -29.470699 -16.681605 9.823751 1.948446 -3.297994 -59.161821 4.967620 2.736202 -57.672007 3.116286 0.894886 -32.038471 4.320317 -2.694833 -61.525012 5.480158 3.749435 -68.737576 4.639759 2.270148 -52.125255 5.851184 -3.828044 -75.562683 5.667933 4.313605 -74.527862 3.869519 1.454449 -41.188380 7.619841 -1.189100 -80.036642 5.754517 4.667740 -78.078693 5.462743 3.705287 -68.275759 -3.796119 0.984383 15.896692 5.619723 26.919516 64.465634 49.606896 0.000008 0.000007 1.725336 8.317195 -3.078151 7.258871 -6.698685 -19.432511 -25.117807 13.034135 7.014308 24.199750 -4.551636 -21.437969 10.908788 -3.989943 24.448828 -4.525657 3.511576 75.607223 -2.144919 0.521933 27.351062 0.474619 -4.512984 44.608502 -4.154899 2.536753 62.799000 -2.364818 0.643285 30.432280 -0.992639 -3.670918 48.101771 -4.481023 3.350034 73.552668 -2.020307 0.459831 25.643057 -3.814686 -2.693530 53.784946 -3.796092 1.949832 54.362340 -2.381854 0.653336 30.674888 1.186845 -33.331303 -6.381270 -183.677515 131.214887 -182.566708 5.667828 -20.693873 -21.165882 -0.000002 0.000001 0.000000 -6.434442 -42.676975 -2.279687 -3.106098 120.751392 -3.068006 1.301392 4.417652 1.234638 -0.000009 0.115173 -0.000009 
-1.911514 83.889870 139.503464 2.352752 4.697936 22.080656 -11.235702 11.210198 -6.940851 -2.676246 0.284553 -0.951613 -2.635235 0.302809 -0.957913 -2.146953 -7.063657 0.058691 -16.945973 -14.244430 7.664806 -10.186351 0.052223 -19.993374 0.719966 -8.277060 -36.055240 -70.853753 -0.000025 -0.000042 -10.495466 9.271915 16.388786 0.273169 -9.674796 1.529615 22.644194 17.168652 4.281373 -26.053369 -15.836033 9.886452 2.206613 -3.056541 -62.618819 5.148976 3.042494 -61.135835 3.410851 1.091786 -35.490944 4.842168 -2.543927 -64.958043 5.600357 4.087764 -72.232802 4.848840 2.556088 -55.572673 6.431867 -3.577593 -78.978249 5.754010 4.665300 -78.054391 4.128911 1.695511 -44.636656 7.891241 -0.829920 -83.471243 5.817820 5.018717 -81.553729 5.584186 4.038154 -71.724773 -3.197707 0.886059 14.796611 2.994288 33.714391 63.578283 53.844304 -0.000011 0.000020 0.745677 8.888585 -0.904801 7.258871 -6.698684 -19.432505 -22.409176 12.253545 8.265075 26.977044 -4.707803 -20.877484 11.185040 -4.101934 21.622446 -4.463103 3.290914 72.795425 -1.938679 0.421609 24.537257 0.898026 -4.348781 41.818892 -4.042585 2.331245 59.928988 -2.164214 0.531987 27.618097 -0.602629 -3.580591 45.302835 -4.409469 3.128499 70.698967 -1.811135 0.365664 22.828403 -3.604325 -2.863290 50.968029 -3.657544 1.766374 51.544982 -2.181817 0.541235 27.861909 1.266158 -19.531672 -1.252416 -183.238635 138.081700 -180.220210 4.002770 -25.431574 -23.078386 0.000000 -1.964484 -0.000005 -9.497271 -54.563776 4.092528 -2.755413 116.114295 -2.635960 1.366066 1.297400 0.095622 0.000008 -0.363906 -0.000002 
-5.608765 86.351654 153.129745 -1.307781 5.389680 18.598684 -12.868087 10.894069 -3.612084 -3.320405 0.246927 -0.414622 -3.297903 0.258286 -0.419106 -1.791560 -6.995344 0.276078 -12.673212 -12.907198 6.360366 -8.613592 0.257724 -18.550191 2.687621 -9.858884 -34.466077 -81.507448 -0.000027 -0.000026 -9.673695 11.006247 18.580831 0.273166 -9.674797 1.529616 26.408945 17.452926 5.840614 -22.499533 -15.058842 9.798899 2.443976 -2.808800 -66.215440 5.317662 3.372125 -64.739367 3.704124 1.315040 -39.081748 5.373195 -2.353603 -68.527466 5.703245 4.446824 -75.869796 5.047739 2.866324 -59.158796 7.017213 -3.280661 -82.527748 5.820360 5.036081 -81.724545 4.382908 1.962366 -48.223246 8.148590 -0.449048 -87.043357 5.860860 5.387204 -85.170492 5.689003 4.391516 -75.313641 -2.270227 0.789365 13.736849 0.955275 40.949248 60.741924 58.669672 0.000009 0.000028 0.535669 8.727605 1.814063 7.258867 -6.698686 -19.432508 -20.458901 11.665445 9.270319 29.028512 -4.868999 -20.406841 11.417348 -4.179987 19.534488 -4.409937 3.129865 70.716746 -1.783168 0.353999 22.456634 1.204998 -4.214941 39.757496 -3.952987 2.183034 57.806992 -2.012525 0.456102 25.537203 -0.317916 -3.502191 43.233940 -4.349510 2.967138 68.589217 -1.653640 0.302711 20.747140 -3.440239 -2.986874 48.884986 -3.549396 1.635238 49.461860 -2.030501 0.464734 25.781898 2.829849 -6.588437 3.235939 -179.699408 147.455725 -176.083943 0.519826 -15.632986 -23.771702 0.216718 -12.657392 -2.667653 -11.034769 -60.755598 10.396156 9.921607 104.110374 9.933407 1.463371 -1.025332 0.392404 0.000006 -1.132165 0.000010 
-9.543459 88.187248 166.781082 -6.482633 7.021352 15.875506 -12.974541 10.179558 -1.083689 -3.485306 -0.025584 -0.009725 -3.476940 -0.025010 -0.011691 -1.500841 -6.882872 0.309773 -9.073356 -10.890812 5.052142 -6.821297 0.409360 -17.963082 4.914980 -10.571742 -31.159979 -92.322226 -0.000028 -0.000020 -7.803767 12.641178 21.181842 0.273169 -9.674796 1.529617 29.768707 17.664503 7.076506 -19.383151 -14.453205 9.589911 2.627757 -2.595956 -69.381123 5.448725 3.670516 -67.910993 3.950244 1.526391 -42.241216 5.828897 -2.158692 -71.666935 5.774785 4.767656 -79.071625 5.206433 3.149173 -62.314807 7.514770 -2.989674 -85.648175 5.858935 5.365277 -84.955935 4.592265 2.209950 -51.379251 8.354144 -0.109095 -90.186528 5.879394 5.713196 -88.355129 5.762774 4.707370 -78.473068 -1.912780 0.747844 13.153124 -2.382958 47.511954 55.916344 64.098484 -0.000010 0.000047 0.282731 9.277020 3.497182 7.258871 -6.698683 -19.432508 -19.511368 11.370917 9.792342 30.042908 -4.963512 -20.156462 11.541146 -4.216560 18.501268 -4.381458 3.050876 69.687594 -1.705276 0.322632 21.426397 1.354962 -4.144827 38.737189 -3.906624 2.110908 56.756335 -1.936422 0.420577 24.506833 -0.178214 -3.459746 42.209770 -4.317637 2.888084 67.544683 -1.574831 0.273677 19.716594 -3.356151 -3.047441 47.853504 -3.494095 1.571773 48.430372 -1.954578 0.428903 24.751957 5.266130 2.845128 6.865421 -178.686573 153.380845 -176.003798 -0.813081 -0.781119 -22.832904 1.095502 -22.183954 -7.667474 -10.861791 -64.580975 14.699011 99.371343 96.610123 100.461107 1.480749 -3.480334 1.980008 -0.000000 -1.510829 0.000004 
-13.412729 88.893524 179.836472 -10.479994 8.604406 15.126714 -13.704855 9.681347 -0.491747 -3.696815 -0.634658 0.288673 -3.692574 -0.635278 0.307045 -1.175393 -6.941124 0.220561 -6.161354 -9.717705 3.913810 -4.786293 0.545054 -18.327064 7.536059 -13.457027 -28.175198 -100.277156 -0.000042 -0.000026 -6.960475 15.144029 21.220295 0.273169 -9.674794 1.529614 32.085001 17.791458 7.844172 -17.264053 -14.077513 9.374938 2.740503 -2.454303 -71.544954 5.528726 3.878400 -70.078834 4.111598 1.678484 -44.400174 6.133305 -2.011097 -73.811430 5.813298 4.988964 -81.260482 5.305869 3.347309 -64.471808 7.844570 -2.775385 -87.778880 5.874603 5.591306 -87.165310 4.727381 2.385624 -53.535962 8.483448 0.124940 -92.334486 5.881565 5.936314 -90.532648 5.803102 4.925384 -80.632910 -1.546373 0.739541 13.226275 -7.632278 51.492151 50.078295 69.128420 -0.000006 0.000028 0.142417 9.037455 3.669203 7.258873 -6.698684 -19.432511 -19.567630 11.391607 9.787367 29.992535 -4.966399 -20.156870 11.539932 -4.215524 18.553393 -4.382910 3.054801 69.738977 -1.709191 0.324161 21.477832 1.351359 -4.151495 38.788289 -3.908951 2.114464 56.808398 -1.940256 0.422331 24.558613 -0.182080 -3.464730 42.261085 -4.319252 2.891996 67.596627 -1.578789 0.275102 19.768236 -3.349088 -3.037894 47.905837 -3.496818 1.574840 48.480666 -1.958407 0.430659 24.803446 6.818740 7.962033 8.435756 -178.447107 152.815278 -176.901831 -0.856169 9.844105 -21.307576 0.321318 -18.887479 -4.542740 -8.851423 -66.509657 14.467206 158.593714 109.644112 161.580679 1.588204 -3.839659 1.722487 0.000002 -1.271013 0.000011 
-18.088753 90.342552 193.330902 -11.825510 9.649143 16.491353 -14.674445 7.281925 -1.064788 -3.920248 -0.536794 0.186592 -3.913432 -0.534895 0.192582 -1.004833 -7.079487 0.083769 -5.329862 -9.951791 3.556738 -3.990296 0.603356 -18.787509 9.239613 -14.150116 -28.641401 -101.720908 -0.000045 -0.000028 -7.467512 17.119241 21.455158 0.273171 -9.674794 1.529614 32.780950 17.827542 8.058868 -16.632238 -13.971827 9.296804 2.775626 -2.414917 -72.192026 5.551136 3.941214 -70.727995 4.158744 1.725151 -45.046074 6.222894 -1.965762 -74.452928 5.823161 5.055440 -81.915456 5.334148 3.407296 -65.117255 7.941510 -2.710306 -88.416150 5.877558 5.659035 -87.826459 4.766507 2.439157 -54.181295 8.518687 0.194722 -92.977350 5.880556 6.003061 -91.184125 5.813582 4.990883 -81.279237 -1.600565 0.762433 13.692494 -8.662277 50.124429 50.735379 67.372296 0.000008 0.000029 -0.305409 7.315808 1.668087 7.258872 -6.698684 -19.432506 -20.159691 11.588185 9.562557 29.395324 -4.935194 -20.255122 11.486277 -4.197284 19.164683 -4.399836 3.101332 70.345785 -1.755167 0.342534 22.085306 1.277975 -4.205399 39.390620 -3.936355 2.156815 57.426434 -1.985285 0.443200 25.167493 -0.252435 -3.501130 42.865748 -4.338153 2.938500 68.211761 -1.625383 0.292110 20.376715 -3.353743 -2.977767 48.517375 -3.529278 1.611883 49.084147 -2.003234 0.451674 25.411070 5.800955 12.862511 7.452985 -177.797488 152.309134 -176.358066 -0.694910 10.047827 -21.190669 0.000001 -4.942765 -0.000001 -4.643820 -63.338448 9.134579 173.636263 130.326320 177.403017 1.789176 -4.308812 -1.051993 -0.000006 -1.249036 0.000011 
-22.834436 90.821175 206.589783 -11.865680 9.458653 18.292592 -14.510896 5.227176 -1.874162 -3.844670 -0.182510 -0.183887 -3.831661 -0.176164 -0.195949 -1.104519 -7.056206 -0.040283 -6.772417 -10.336299 4.102300 -5.009776 0.538928 -18.549351 9.177134 -11.022014 -30.651953 -98.413395 -0.000040 -0.000031 -7.136144 16.573249 22.772720 0.273174 -9.674795 1.529613 32.179326 17.804430 7.838848 -17.182355 -14.079095 9.332546 2.793921 -2.483333 -71.623747 5.531970 3.887345 -70.171239 4.117738 1.684514 -44.484039 6.140475 -2.020708 -73.895960 5.814607 4.997566 -81.345108 5.309612 3.355175 -64.556667 7.856378 -2.787627 -87.863342 5.875024 5.600032 -87.250687 4.732577 2.392653 -53.621223 8.462496 0.129298 -92.421052 5.881491 5.944708 -90.614467 5.804504 4.933881 -80.716758 -2.731058 0.827762 14.148716 -7.047095 47.227763 54.769081 64.163808 -0.000021 0.000021 -0.651022 7.002755 0.984096 7.258871 -6.698682 -19.432506 -21.123275 11.902783 9.212849 28.427606 -4.890307 -20.405895 11.403506 -4.167526 20.155453 -4.426213 3.177133 71.329277 -1.829237 0.373339 23.069795 1.157486 -4.291538 40.366937 -3.979785 2.226069 58.428068 -2.057788 0.478032 26.154246 -0.367584 -3.558872 43.845802 -4.367730 3.014282 69.208695 -1.700463 0.320746 21.362800 -3.358847 -2.881991 49.508486 -3.581038 1.672617 50.062203 -2.075450 0.486738 26.395806 4.487331 14.295319 7.134529 -177.056084 144.880388 -174.833226 1.390655 6.605511 -23.557582 0.000001 8.340563 0.000001 -3.741348 -58.310254 5.502893 181.001434 148.428548 183.303563 1.999199 -5.661132 -8.411365 -0.000009 -0.192242 0.000007 
-27.342701 89.928703 219.333923 -12.108512 8.193943 19.178922 -13.675997 5.067803 -2.373095 -3.577447 -0.054930 -0.360234 -3.560929 -0.046071 -0.366568 -1.290712 -6.839972 -0.206391 -8.973509 -10.089363 4.557333 -6.115494 0.474254 -18.292437 8.433255 -4.639949 -32.772880 -92.889077 -0.000043 -0.000037 -6.580182 18.362684 21.738190 0.273173 -9.674798 1.529615 30.871465 17.747844 7.343002 -18.384878 -14.321653 9.395753 2.829282 -2.636635 -70.383884 5.488285 3.770350 -68.956080 4.026897 1.597207 -43.257371 5.958136 -2.137660 -72.680098 5.793938 4.871517 -80.100388 5.254295 3.242239 -63.333264 7.667199 -2.953435 -86.656372 5.867401 5.471440 -85.994349 4.656966 2.292362 -52.398715 8.337492 -0.012587 -91.206788 5.881465 5.817321 -89.371379 5.782773 4.809761 -79.489325 -3.883175 0.916121 14.797461 -3.907349 44.265834 58.062181 61.920419 -0.000007 0.000017 0.797147 8.431045 1.131883 7.258869 -6.698681 -19.432505 -22.344959 12.292817 8.798087 27.207522 -4.844668 -20.581713 11.306431 -4.129884 21.405441 -4.457626 3.273352 72.569981 -1.921928 0.413996 24.311606 1.002748 -4.398003 41.598837 -4.032826 2.314493 59.691537 -2.148379 0.523731 27.398944 -0.514846 -3.629500 45.082278 -4.403131 3.110587 70.466317 -1.794477 0.358679 22.606639 -3.361116 -2.764238 50.758701 -3.644860 1.750494 51.295926 -2.165654 0.532730 27.637920 2.601624 10.673453 8.189422 -168.965315 128.646777 -167.138759 2.092366 5.755498 -23.527393 0.000006 17.772507 -0.000009 -4.053949 -54.354676 4.122399 183.920042 155.998037 184.176953 -1.017229 -6.621719 -11.686328 0.000009 -0.678208 -0.000001 
-31.647182 87.866547 232.114243 -13.011811 6.471710 19.138965 -13.038890 5.551617 -2.072617 -3.385364 0.097442 -0.361155 -3.368746 0.103592 -0.362268 -1.407638 -6.439192 -0.324457 -10.275441 -9.554800 4.613450 -6.222771 0.474453 -18.197316 7.790411 4.441597 -35.474032 -86.695366 -0.000049 -0.000024 -5.781522 20.509354 18.920365 0.273169 -9.674801 1.529613 29.108924 17.667328 6.640595 -20.018922 -14.669611 9.448685 2.866815 -2.853097 -68.703329 5.425087 3.613267 -67.308195 3.900738 1.481970 -41.593639 5.705668 -2.289592 -71.030525 5.761529 4.701290 -78.412655 5.175489 3.091045 -61.674081 7.403374 -3.171721 -85.018547 5.852543 5.297367 -84.290880 4.551027 2.158940 -50.740755 8.162763 -0.200694 -89.559592 5.877006 5.644606 -87.685934 5.749068 4.642259 -77.824890 -3.613888 0.964602 15.738527 -1.046222 40.139205 59.239665 60.213828 -0.000008 0.000025 2.797505 9.162094 0.387564 7.258873 -6.698685 -19.432511 -23.708572 12.717682 8.372203 25.853313 -4.807868 -20.757734 11.208217 -4.088346 22.794196 -4.490072 3.381035 73.948327 -2.023816 0.461523 25.691077 0.827322 -4.513356 42.967737 -4.089461 2.414067 61.095154 -2.247830 0.576800 28.781621 -0.680964 -3.705018 46.456092 -4.439998 3.218472 71.863494 -1.897897 0.403223 23.988376 -3.358298 -2.637613 52.147600 -3.713770 1.838588 52.666417 -2.264659 0.586104 29.017741 0.577630 4.886947 10.993744 -150.592626 110.699512 -148.367746 4.174372 4.242300 -18.019665 -0.000003 16.238698 0.000003 -6.035031 -50.704736 4.809932 184.005583 153.007015 185.262693 -4.878983 -4.186812 -12.981425 0.000003 -1.866960 0.000004 
-35.847950 84.793121 244.576416 -15.397936 5.131609 18.296817 -11.906270 6.741332 -1.366534 -3.080462 0.217944 -0.271752 -3.065423 0.218236 -0.269656 -1.514934 -6.202143 -0.186266 -10.329890 -9.977901 4.623390 -5.243996 0.545996 -17.801541 6.145262 13.645127 -39.861787 -78.720580 -0.000027 -0.000033 -5.732818 19.274492 17.458577 0.273169 -9.674794 1.529612 27.141732 17.569543 5.808956 -21.862013 -15.083057 9.461305 2.894051 -3.107965 -66.812651 5.348597 3.438647 -65.453232 3.754808 1.356664 -39.720484 5.414556 -2.451209 -69.172666 5.719066 4.510957 -76.513036 5.081570 2.923634 -59.806311 7.096611 -3.408025 -83.173338 5.829598 5.102039 -82.373673 4.427194 2.012477 -48.874190 7.959079 -0.406310 -87.704642 5.865887 5.450449 -85.789129 5.705305 4.454942 -75.951574 -2.480260 0.961016 16.774815 2.834239 34.439132 59.189470 58.219522 -0.000013 0.000023 4.320267 7.921491 -1.526957 7.258874 -6.698684 -19.432503 -25.095170 13.139139 7.978698 24.483102 -4.785173 -20.915279 11.118963 -4.046981 24.201285 -4.520285 3.490858 75.344869 -2.125875 0.512157 27.088549 0.645834 -4.626933 44.355050 -4.144323 2.516325 62.517186 -2.347218 0.632997 30.182329 -0.851949 -3.778266 47.848180 -4.474644 3.328643 73.279057 -2.001562 0.450870 25.388144 -3.349959 -2.513988 53.554687 -3.781405 1.929477 54.054858 -2.363645 0.642590 30.415550 -1.587167 -2.882254 15.653547 -78.168360 100.080255 -75.405070 7.291690 0.220731 -12.637389 -0.000008 14.060464 0.000000 -10.707540 -49.851871 9.339977 178.752635 137.379187 185.152645 -5.507676 -5.220567 -20.456437 0.000013 -3.293949 -0.000000 
-40.181358 82.150612 255.630432 -21.151954 5.897533 16.022650 -8.321052 8.983056 -0.170308 -2.173347 0.183115 -0.013499 -2.168202 0.173625 -0.010745 -1.698962 -6.321696 0.237055 -9.318349 -12.309797 4.371908 -3.891716 0.630035 -16.863891 5.368558 18.441711 -47.591597 -67.462892 -0.000015 -0.000027 -7.152709 17.819868 16.383850 0.273171 -9.674794 1.529613 25.213947 17.459391 4.942421 -23.687752 -15.520659 9.426093 2.904698 -3.371283 -64.941903 5.267342 3.268322 -63.616758 3.606365 1.237381 -37.865657 5.119468 -2.601095 -67.332340 5.670804 4.323951 -74.632548 4.983237 2.760960 -57.957003 6.782964 -3.631803 -81.344978 5.800467 4.909490 -80.475980 4.299971 1.871504 -47.025914 7.750289 -0.603266 -85.867294 5.848537 5.258688 -83.911674 5.655935 4.271001 -74.097075 -0.602662 0.899304 18.206872 8.869197 27.141326 57.319767 55.400989 -0.000007 0.000032 5.345865 5.164349 -4.703197 7.258871 -6.698684 -19.432503 -26.383863 13.522286 7.648426 23.214558 -4.779507 -21.043244 11.045341 -4.009729 25.506225 -4.545900 3.593358 76.640009 -2.219382 0.561309 28.384414 0.474201 -4.729214 45.641950 -4.192936 2.612354 63.835856 -2.438138 0.687274 31.481185 -1.012881 -3.843180 49.139325 -4.504324 3.431543 74.591847 -2.096620 0.497314 26.686118 -3.337478 -2.403720 54.859601 -3.842150 2.015202 55.342393 -2.454168 0.697116 31.711728 -4.568095 -14.989426 21.870640 -27.020059 112.256987 -24.340877 6.098093 -1.666217 -11.821851 0.000006 15.363739 -0.000013 -11.679976 -45.087602 17.494671 167.460775 127.159175 174.881202 -2.670306 -12.768440 -30.212761 -0.000006 -7.769852 0.000009 
-44.891708 81.117874 266.309357 -29.346051 8.211612 13.672331 -2.997215 10.537138 0.972010 -0.829435 0.230101 0.306449 -0.840461 0.221500 0.313931 -1.845051 -6.443470 0.465341 -7.787059 -15.211207 3.237431 -2.249349 0.707486 -16.271500 8.214320 20.387440 -55.626987 -56.951890 0.000006 -0.000029 -4.522286 14.822805 14.694170 0.273169 -9.674794 1.529615 23.559175 17.356580 4.158604 -25.269922 -15.925107 9.357647 2.900192 -3.607811 -63.320457 5.192473 3.122760 -62.024224 3.474574 1.137864 -36.257004 4.858311 -2.722710 -65.735776 5.624014 4.163153 -73.002066 4.893782 2.622540 -56.353295 6.503253 -3.817313 -79.758243 5.770029 4.743363 -78.830662 4.186031 1.752645 -45.422968 7.563680 -0.768518 -84.273401 5.828373 5.092905 -82.283972 5.608364 4.112839 -72.489085 2.114017 0.700073 18.447293 13.596403 20.769871 53.385650 55.950577 0.000021 0.000009 5.994288 2.549221 -7.719808 7.258875 -6.698685 -19.432506 -27.453517 13.834696 7.400159 22.164234 -4.784346 -21.135401 10.990895 -3.979894 26.588468 -4.565376 3.678780 77.714220 -2.296065 0.603668 29.459053 0.329465 -4.811756 46.709492 -4.231562 2.692810 64.929527 -2.512622 0.733832 32.558320 -1.148035 -3.894762 50.210237 -4.527145 3.517379 75.680688 -2.174652 0.537435 27.762537 -3.323801 -2.315574 55.941855 -3.891046 2.087322 56.410133 -2.528298 0.743870 32.786619 -7.542528 -29.823806 27.307945 -17.768078 121.390876 -15.468311 1.767583 -0.632148 -9.850980 0.000035 15.770857 0.000018 -11.377814 -38.607979 20.903842 162.438004 120.593957 169.145714 1.593378 -20.909096 -30.417841 -0.000014 -14.829428 -0.000007 
-51.016411 82.122147 277.483673 -35.679706 9.097308 12.737757 1.255175 11.262021 1.040393 0.308579 0.627766 0.457364 0.288957 0.629649 0.461299 -1.981797 -6.493075 0.477607 -7.413263 -16.366397 2.177840 0.276610 0.857254 -17.176756 10.729263 25.059013 -57.677321 -53.545200 -0.000021 -0.000023 -3.397278 13.854114 11.562196 0.273169 -9.674798 1.529620 22.402387 17.279033 3.587971 -26.384642 -16.220772 9.286564 2.889127 -3.778919 -62.177439 5.137282 3.021390 -60.901156 3.379978 1.069924 -35.122431 4.671326 -2.803709 -64.609471 5.588290 4.050593 -71.852326 4.828373 2.526451 -55.222284 6.301817 -3.943243 -78.638604 5.745694 4.626788 -77.670528 4.103684 1.670753 -44.292476 7.429057 -0.881875 -83.149002 5.811335 4.976382 -81.136288 5.572112 4.002152 -71.355218 3.957930 0.561361 16.572481 15.983165 16.702828 50.795024 61.030746 -0.000031 0.000025 9.317683 -0.488828 -11.844969 7.258871 -6.698685 -19.432506 -28.183959 14.045365 7.244094 21.447970 -4.792459 -21.190983 10.957171 -3.960231 27.327529 -4.577768 3.737319 78.447817 -2.347965 0.633428 30.192909 0.229379 -4.866911 47.438676 -4.257032 2.748179 65.676408 -2.562945 0.766426 33.293842 -1.241196 -3.928830 50.941668 -4.541800 3.576244 76.424271 -2.227493 0.565696 28.497588 -3.312787 -2.257184 56.680916 -3.923670 2.137091 57.139314 -2.578394 0.776599 33.520636 -9.196138 -44.044123 28.229107 -5.117969 120.646535 -5.056604 1.009283 -3.479599 -5.840159 -0.000004 8.830965 0.000002 -9.081169 -24.304660 16.183631 168.884091 124.556382 175.421251 10.293593 -27.271728 -33.563809 -0.000002 -15.070838 0.000002 
-58.482922 84.318672 288.775604 -38.134497 9.197488 13.813503 3.743850 10.864511 -0.436820 1.070406 0.739664 0.155393 1.057775 0.743884 0.151853 -2.314946 -6.235264 0.413268 -10.265639 -14.122675 2.787096 2.220412 0.955644 -17.060395 11.333369 34.146636 -55.324194 -58.805531 -0.000028 -0.000038 -4.831845 17.733007 7.576696 0.273173 -9.674791 1.529614 21.963831 17.247730 3.366473 -26.809097 -16.337078 9.254964 2.883137 -3.845038 -61.741809 5.115715 2.983050 -60.473006 3.343552 1.044517 -34.689892 4.599452 -2.833517 -64.180050 5.574062 4.007873 -71.414047 4.802950 2.490163 -54.791125 6.224131 -3.990148 -78.211649 5.735800 4.582443 -77.228266 4.071870 1.639976 -43.861515 7.377238 -0.923141 -82.720196 5.804245 4.932057 -80.698835 5.557731 3.960152 -70.923011 3.910816 0.565749 15.071845 15.631521 16.205112 48.634430 70.793135 -0.000007 0.000015 12.025550 -3.880709 -16.355259 7.258871 -6.698685 -19.432506 -28.456067 14.123324 7.188769 21.181229 -4.795323 -21.209783 10.946507 -3.953686 27.602973 -4.582177 3.759185 78.721202 -2.367203 0.644689 30.466366 0.191837 -4.887212 47.710456 -4.266354 2.768887 65.954718 -2.581613 0.778742 33.567945 -1.276086 -3.941260 51.214251 -4.547062 3.598219 76.701392 -2.247083 0.576404 28.771506 -3.309366 -2.234202 56.956213 -3.935671 2.155759 57.411025 -2.596965 0.788954 33.794195 -7.954570 -56.344334 22.902753 -7.148698 113.810711 -7.027717 1.262503 -8.378766 -7.920949 0.000001 9.404983 0.000008 -6.569346 -6.455219 10.898245 178.481449 140.245408 181.755773 9.315376 -27.274988 -31.778476 -0.000016 -17.268977 0.000011 
