HIERARCHY
ROOT mixamorig:Hips
{
	OFFSET 0.000000 99.791901 0.000000
	CHANNELS 6 Xposition Yposition Zposition Yrotation Xrotation Zrotation
	JOINT mixamorig:Spine
	{
		OFFSET 0.000038 9.923500 -1.227300
		CHANNELS 3 Yrotation Xrotation Zrotation
		JOINT mixamorig:Spine1
		{
			OFFSET -0.001154 11.645462 -1.422353
			CHANNELS 3 Yrotation Xrotation Zrotation
			JOINT mixamorig:Spine2
			{
				OFFSET -0.001065 13.360161 -1.626458
				CHANNELS 3 Yrotation Xrotation Zrotation
				JOINT mixamorig:Neck
				{
					OFFSET -0.001308 15.032516 0.792905
					CHANNELS 3 Yrotation Xrotation Zrotation
					JOINT mixamorig:Head
					{
						OFFSET -0.000902 10.321808 3.142400
						CHANNELS 3 Yrotation Xrotation Zrotation
						End Site
						{
							OFFSET -0.001707 19.630493 -0.000000
						}
					}
				}
				JOINT mixamorig:LeftShoulder
				{
					OFFSET 6.105007 9.110962 0.705601
					CHANNELS 3 Yrotation Xrotation Zrotation
					JOINT mixamorig:LeftArm
					{
						OFFSET 12.655048 -0.266434 -2.600898
						CHANNELS 3 Yrotation Xrotation Zrotation
						JOINT mixamorig:LeftForeArm
						{
							OFFSET 27.404696 0.000000 0.000000
							CHANNELS 3 Yrotation Xrotation Zrotation
							JOINT mixamorig:LeftHand
							{
								OFFSET 27.614513 0.000000 0.000000
								CHANNELS 3 Yrotation Xrotation Zrotation
								JOINT mixamorig:LeftHandThumb1
								{
									OFFSET 3.788795 -2.167099 3.003002
									CHANNELS 3 Yrotation Xrotation Zrotation
									JOINT mixamorig:LeftHandThumb2
									{
										OFFSET 3.675461 -2.122025 2.122029
										CHANNELS 3 Yrotation Xrotation Zrotation
										JOINT mixamorig:LeftHandThumb3
										{
											OFFSET 3.394363 -1.959732 1.959735
											CHANNELS 3 Yrotation Xrotation Zrotation
											End Site
											{
												OFFSET 2.679413 -1.546967 1.546960
											}
										}
									}
								}
								JOINT mixamorig:LeftHandIndex1
								{
									OFFSET 12.266594 -0.231796 2.822001
									CHANNELS 3 Yrotation Xrotation Zrotation
									JOINT mixamorig:LeftHandIndex2
									{
										OFFSET 3.891998 0.000000 0.000000
										CHANNELS 3 Yrotation Xrotation Zrotation
										JOINT mixamorig:LeftHandIndex3
										{
											OFFSET 3.415207 0.000000 0.000000
											CHANNELS 3 Yrotation Xrotation Zrotation
											End Site
											{
												OFFSET 3.077995 0.000000 0.000000
											}
										}
									}
								}
								JOINT mixamorig:LeftHandMiddle1
								{
									OFFSET 12.775497 0.000000 0.000000
									CHANNELS 3 Yrotation Xrotation Zrotation
									JOINT mixamorig:LeftHandMiddle2
									{
										OFFSET 3.613998 0.000000 0.000000
										CHANNELS 3 Yrotation Xrotation Zrotation
										JOINT mixamorig:LeftHandMiddle3
										{
											OFFSET 3.459793 0.000000 0.000000
											CHANNELS 3 Yrotation Xrotation Zrotation
											End Site
											{
												OFFSET 3.680214 0.000000 0.000000
											}
										}
									}
								}
								JOINT mixamorig:LeftHandRing1
								{
									OFFSET 12.146996 0.009995 -2.216599
									CHANNELS 3 Yrotation Xrotation Zrotation
									JOINT mixamorig:LeftHandRing2
									{
										OFFSET 3.601196 0.000000 0.000000
										CHANNELS 3 Yrotation Xrotation Zrotation
										JOINT mixamorig:LeftHandRing3
										{
											OFFSET 3.307304 0.000000 0.000000
											CHANNELS 3 Yrotation Xrotation Zrotation
											End Site
											{
												OFFSET 3.660095 0.000000 0.000000
											}
										}
									}
								}
								JOINT mixamorig:LeftHandPinky1
								{
									OFFSET 10.908195 -0.226105 -4.725800
									CHANNELS 3 Yrotation Xrotation Zrotation
									JOINT mixamorig:LeftHandPinky2
									{
										OFFSET 4.136703 0.000000 0.000000
										CHANNELS 3 Yrotation Xrotation Zrotation
										JOINT mixamorig:LeftHandPinky3
										{
											OFFSET 2.594803 0.000000 0.000000
											CHANNELS 3 Yrotation Xrotation Zrotation
											End Site
											{
												OFFSET 2.923904 0.000000 0.000000
											}
										}
									}
								}
							}
						}
					}
				}
				JOINT mixamorig:RightShoulder
				{
					OFFSET -6.106493 9.110001 0.705582
					CHANNELS 3 Yrotation Xrotation Zrotation
					JOINT mixamorig:RightArm
					{
						OFFSET -12.655064 -0.265533 -2.600914
						CHANNELS 3 Yrotation Xrotation Zrotation
						JOINT mixamorig:RightForeArm
						{
							OFFSET -27.404697 0.000000 -0.000000
							CHANNELS 3 Yrotation Xrotation Zrotation
							JOINT mixamorig:RightHand
							{
								OFFSET -27.614510 0.000000 -0.000000
								CHANNELS 3 Yrotation Xrotation Zrotation
								JOINT mixamorig:RightHandThumb1
								{
									OFFSET -3.788803 -2.167099 3.003001
									CHANNELS 3 Yrotation Xrotation Zrotation
									JOINT mixamorig:RightHandThumb2
									{
										OFFSET -3.675461 -2.122025 2.122028
										CHANNELS 3 Yrotation Xrotation Zrotation
										JOINT mixamorig:RightHandThumb3
										{
											OFFSET -3.394363 -1.959732 1.959735
											CHANNELS 3 Yrotation Xrotation Zrotation
											End Site
											{
												OFFSET -2.679413 -1.546967 1.546959
											}
										}
									}
								}
								JOINT mixamorig:RightHandIndex1
								{
									OFFSET -12.266602 -0.231796 2.822000
									CHANNELS 3 Yrotation Xrotation Zrotation
									JOINT mixamorig:RightHandIndex2
									{
										OFFSET -3.891998 0.000000 0.000000
										CHANNELS 3 Yrotation Xrotation Zrotation
										JOINT mixamorig:RightHandIndex3
										{
											OFFSET -3.415207 0.000000 0.000000
											CHANNELS 3 Yrotation Xrotation Zrotation
											End Site
											{
												OFFSET -3.077995 0.000000 0.000000
											}
										}
									}
								}
								JOINT mixamorig:RightHandMiddle1
								{
									OFFSET -12.775505 0.000000 -0.000000
									CHANNELS 3 Yrotation Xrotation Zrotation
									JOINT mixamorig:RightHandMiddle2
									{
										OFFSET -3.613998 0.000000 0.000000
										CHANNELS 3 Yrotation Xrotation Zrotation
										JOINT mixamorig:RightHandMiddle3
										{
											OFFSET -3.459793 0.000000 0.000000
											CHANNELS 3 Yrotation Xrotation Zrotation
											End Site
											{
												OFFSET -3.680214 0.000000 0.000000
											}
										}
									}
								}
								JOINT mixamorig:RightHandRing1
								{
									OFFSET -12.147003 0.009995 -2.216600
									CHANNELS 3 Yrotation Xrotation Zrotation
									JOINT mixamorig:RightHandRing2
									{
										OFFSET -3.601196 0.000000 0.000000
										CHANNELS 3 Yrotation Xrotation Zrotation
										JOINT mixamorig:RightHandRing3
										{
											OFFSET -3.307304 0.000000 0.000000
											CHANNELS 3 Yrotation Xrotation Zrotation
											End Site
											{
												OFFSET -3.660103 0.000000 0.000000
											}
										}
									}
								}
								JOINT mixamorig:RightHandPinky1
								{
									OFFSET -10.908203 -0.226105 -4.725801
									CHANNELS 3 Yrotation Xrotation Zrotation
									JOINT mixamorig:RightHandPinky2
									{
										OFFSET -4.136703 0.000000 0.000000
										CHANNELS 3 Yrotation Xrotation Zrotation
										JOINT mixamorig:RightHandPinky3
										{
											OFFSET -2.594803 0.000000 0.000000
											CHANNELS 3 Yrotation Xrotation Zrotation
											End Site
											{
												OFFSET -2.923904 0.000000 0.000000
											}
										}
									}
								}
							}
						}
					}
				}
			}
		}
	}
	JOINT mixamorig:LeftUpLeg
	{
		OFFSET 9.124481 -6.656403 -0.055368
		CHANNELS 3 Yrotation Xrotation Zrotation
		JOINT mixamorig:LeftLeg
		{
			OFFSET 0.244688 -40.595383 -0.515629
			CHANNELS 3 Yrotation Xrotation Zrotation
			JOINT mixamorig:LeftFoot
			{
				OFFSET -0.244684 -42.047905 -2.059130
				CHANNELS 3 Yrotation Xrotation Zrotation
				JOINT mixamorig:LeftToeBase
				{
					OFFSET 0.373535 -7.208565 13.966596
					CHANNELS 3 Yrotation Xrotation Zrotation
					End Site
					{
						OFFSET -0.142057 -0.175231 9.997458
					}
				}
			}
		}
	}
	JOINT mixamorig:RightUpLeg
	{
		OFFSET -9.124419 -6.656395 -0.055432
		CHANNELS 3 Yrotation Xrotation Zrotation
		JOINT mixamorig:RightLeg
		{
			OFFSET -0.244683 -40.595413 -0.514284
			CHANNELS 3 Yrotation Xrotation Zrotation
			JOINT mixamorig:RightFoot
			{
				OFFSET 0.244687 -42.047836 -2.060526
				CHANNELS 3 Yrotation Xrotation Zrotation
				JOINT mixamorig:RightToeBase
				{
					OFFSET -0.373540 -7.208565 13.966594
					CHANNELS 3 Yrotation Xrotation Zrotation
					End Site
					{
						OFFSET 0.141792 -0.175015 9.997463
					}
				}
			}
		}
	}
}
MOTION
Frames: 21
Frame Time: 0.033333
0.141901 91.887276 0.613348 2.954503 5.440958 -2.844783 1.328225 4.922787 1.612021 2.842142 9.845240 2.208480 2.842142 9.845246 2.208481 -3.172040 -7.485227 -0.021149 -7.586354 -13.982885 -3.410642 -1.226753 1.083818 -9.131899 17.317799 21.045008 -63.355817 -103.934483 -1.255953 -11.171807 -20.645428 11.083096 -1.301080 -7.100899 -3.663766 -6.176993 13.722211 5.227234 4.005665 -0.000002 -0.000006 -0.000000 -5.501017 -4.453292 -77.663588 -4.193029 -6.103560 -85.654199 0.000002 -0.000000 -0.000002 -3.764371 -4.795265 -81.261547 -5.392991 -5.109760 -79.396025 0.000002 0.000001 -0.000001 4.587053 -3.644051 -85.930958 -4.309052 -3.060446 -82.372478 0.000000 -0.000002 0.000001 10.961384 -3.212921 -91.924634 -6.207429 -1.682162 -91.942952 -0.000001 -0.000001 0.000001 6.054647 0.772111 9.611754 -10.571300 5.413813 54.520540 88.922356 -3.108215 4.746302 5.794082 -0.538182 2.381441 2.334657 1.189035 7.285616 -11.129330 4.176981 -3.378118 0.000009 0.000004 -0.000000 2.976872 3.420802 73.024810 2.961810 -5.574518 91.841661 0.000000 0.000001 -0.000000 2.041605 -2.181010 78.041168 4.329220 -4.721763 85.576116 0.000003 0.000000 0.000001 -3.136854 -3.524802 85.698465 5.697438 -4.812148 88.143878 0.000002 0.000000 -0.000000 -7.863433 -4.069913 98.705058 9.363265 -5.364163 97.338344 0.000008 -0.000013 -0.000002 7.695039 -41.948088 -6.278405 -53.576158 107.042854 -48.404202 -0.921549 -12.535483 5.573834 -2.888238 -0.897390 -6.582280 -6.002486 -20.272148 6.252193 -0.063442 48.722144 -1.590530 0.400319 -24.551818 -1.564573 13.194319 -10.179425 -3.718240 
-0.098899 87.846115 17.263594 -3.521839 -1.447382 -1.210856 1.776928 5.774377 0.145742 3.555368 11.564019 -0.015606 3.555367 11.564010 -0.015606 -4.537291 -6.155619 1.051760 -11.295213 -11.003721 -0.622305 0.115083 1.099888 -10.035206 26.704547 25.210630 -56.357783 -89.295578 2.043857 -17.751365 -23.092989 10.832138 2.149586 -6.475022 -4.014053 -4.529566 13.418721 5.105941 3.930875 0.000005 -0.000005 0.000003 -5.812017 -4.522372 -71.464269 -4.096437 -5.363514 -79.546015 -0.000002 0.000002 -0.000003 -3.640490 -4.204621 -75.137791 -5.234017 -4.457787 -73.282691 -0.000000 0.000002 0.000001 4.749762 -3.004301 -79.810890 -4.239309 -2.691991 -76.224214 -0.000000 0.000002 0.000002 11.267505 -2.114493 -84.745094 -6.204941 -1.551221 -85.781241 0.000000 -0.000001 -0.000000 6.591401 0.777176 8.569432 8.626806 -5.233768 40.658709 80.223898 -1.338522 4.209576 3.921330 -3.187452 -0.117377 2.279402 0.287749 5.542214 -11.086965 4.157466 -3.371055 0.000011 0.000003 0.000002 2.659891 2.314798 67.361436 2.943968 -4.900303 85.111698 0.000000 -0.000001 -0.000000 1.721788 -2.064965 72.249823 4.247535 -4.124846 78.844009 0.000000 0.000001 0.000000 -3.368828 -2.642697 79.626257 5.644613 -4.235439 81.407604 0.000002 -0.000002 0.000000 -8.047972 -2.590784 90.901164 9.399215 -4.849142 90.589653 0.000007 -0.000012 -0.000002 19.656272 -58.065713 -18.629196 -81.773579 88.461448 -78.120268 -1.233064 -11.889490 5.164786 -1.825405 -2.106990 -7.062048 -10.959416 -17.455044 3.705180 -1.548106 64.432535 -2.758752 0.380998 -24.346674 -1.532841 11.199181 -26.617164 -4.725413 
0.216272 83.009415 31.166845 -8.596763 -6.578976 -0.614365 1.921716 6.487612 -1.057519 3.861473 13.005371 -1.872887 3.861475 13.005366 -1.872886 -6.676261 -4.901636 3.821050 -15.536206 -6.469673 2.327772 0.758514 1.084474 -9.652511 35.037761 28.749905 -50.152877 -87.232553 2.912196 -21.892447 -21.764365 11.571019 4.620428 -5.557893 -4.517823 -2.080122 12.994515 4.935370 3.827220 -0.000000 -0.000006 0.000003 -6.438912 -4.498435 -62.318892 -3.812094 -4.302198 -70.559863 0.000002 -0.000000 -0.000001 -3.345104 -3.366738 -66.124257 -4.875863 -3.537136 -64.284757 0.000000 -0.000002 0.000000 5.160969 -2.113817 -70.802041 -4.065797 -2.168006 -67.171652 -0.000002 -0.000000 0.000001 12.147684 -0.626034 -74.161381 -6.175723 -1.360659 -76.707334 -0.000000 -0.000000 -0.000001 6.371707 0.812470 7.354950 20.851878 -11.583950 29.723149 69.572655 0.025309 0.995105 4.384501 -6.740338 -0.487172 2.257461 -1.034519 2.954757 -11.048175 4.139598 -3.364581 0.000008 0.000005 0.000002 2.700315 0.738534 59.003730 2.773999 -3.921825 75.206168 0.000002 0.000000 0.000001 1.290872 -1.938412 63.718459 4.001185 -3.272554 68.931266 0.000001 -0.000002 -0.000003 -3.947661 -1.416571 70.685518 5.444478 -3.406479 71.489404 0.000001 -0.000001 0.000000 -8.856774 -0.531766 79.396509 9.341201 -4.091163 80.655197 0.000009 -0.000014 -0.000006 19.716828 -61.105454 -22.067655 -43.379679 77.088903 -37.308098 -3.353600 -7.366021 9.846228 -4.485541 -7.306917 -5.092432 -14.764089 -11.873025 -2.057461 11.026560 74.515991 8.027364 -2.639394 -24.923241 2.443812 4.357537 -41.489219 -3.181860 
0.773778 78.253296 41.874466 -15.045011 -11.223342 0.219706 2.011945 7.207264 -2.214571 4.105094 14.468390 -3.816720 4.105091 14.468388 -3.816720 -9.188688 -4.142885 6.784969 -20.408055 -2.111877 4.455150 1.522849 1.076211 -9.418506 42.463983 31.249697 -44.775520 -88.266924 2.932286 -22.198671 -19.267199 12.543680 7.763406 -4.437713 -5.117543 0.967028 12.511604 4.739783 3.710500 0.000001 -0.000005 0.000003 -7.439511 -4.177824 -51.071845 -3.241962 -3.079564 -59.529224 -0.000000 -0.000000 -0.000002 -2.808825 -2.416975 -55.055867 -4.246320 -2.500502 -53.234884 0.000001 -0.000002 -0.000001 5.928921 -1.159920 -59.735967 -3.743452 -1.571932 -56.053798 0.000001 0.000003 -0.000000 13.876145 0.809073 -61.120918 -6.099366 -1.136651 -65.562521 -0.000000 -0.000000 0.000001 5.756334 0.845786 5.766179 30.819077 -18.310651 22.198596 62.010338 -1.813530 -3.932578 5.749465 -10.477261 -0.723902 2.328463 -2.645053 -0.260985 -11.040232 4.135909 -3.363254 0.000006 0.000010 0.000000 3.541275 -0.909160 48.685233 2.338854 -2.782003 63.040515 -0.000002 -0.000001 0.000000 0.831996 -1.828489 53.236868 3.503622 -2.302944 56.752155 -0.000002 0.000002 0.000002 -5.022186 -0.106512 59.693224 5.007958 -2.454123 59.304736 -0.000001 -0.000001 -0.000003 -10.664712 1.573922 65.195959 9.092262 -3.191093 68.454970 0.000007 -0.000012 -0.000005 -5.112263 -64.918598 -6.220219 -54.229499 72.504903 -48.510493 -4.705825 -5.104561 12.709666 -4.893499 -11.250776 -4.405354 -17.465301 -9.860861 -11.906263 65.307926 77.160763 60.795616 -3.143519 -19.642748 2.803403 -11.593923 -49.019339 7.612670 
1.533799 72.987984 52.031075 -23.366731 -13.532743 2.854398 2.132901 7.393244 -3.382154 4.315897 14.872378 -5.907282 4.315895 14.872375 -5.907282 -11.586679 -4.294139 8.643175 -25.607995 1.184421 5.233639 2.832562 1.137500 -9.850077 46.141213 31.709611 -40.836253 -89.896894 2.435836 -19.728872 -16.259185 13.300765 9.747088 -3.274573 -5.721288 4.190093 12.071045 4.560032 3.605176 0.000001 -0.000008 0.000005 -8.690109 -3.411324 -39.380685 -2.413061 -1.948333 -48.058533 0.000003 -0.000000 -0.000003 -2.069040 -1.557719 -43.545243 -3.394149 -1.571305 -41.741793 0.000003 0.000002 0.000000 7.004610 -0.399162 -48.224008 -3.293088 -1.030188 -44.493505 -0.000000 -0.000001 -0.000001 16.321229 1.621481 -47.504666 -5.975619 -0.923961 -53.975481 0.000000 0.000002 0.000001 4.596840 0.836708 4.581524 36.120742 -26.521227 17.948197 61.372487 -4.714916 -0.435951 9.343569 -8.812941 -3.157245 2.526145 -4.302725 -3.664640 -11.097386 4.160675 -3.375078 0.000006 0.000004 -0.000002 5.256611 -2.029494 37.884143 1.641894 -1.720785 50.379800 -0.000004 0.000001 0.000001 0.433902 -1.731117 42.339943 2.781064 -1.428877 44.074797 -0.000001 -0.000000 -0.000000 -6.523405 0.932961 48.242623 4.351183 -1.584038 46.623254 -0.000001 -0.000000 0.000000 -13.355902 2.984635 50.312618 8.637427 -2.332205 55.762781 0.000006 -0.000012 -0.000002 -12.616585 -64.214133 3.907821 -79.628408 58.381069 -72.790672 0.957955 -3.977427 0.073688 -1.679732 -9.975977 -5.946527 -15.191432 -12.929423 -27.970526 98.569513 66.788260 95.361851 -1.373196 -9.924443 2.158855 -40.513069 -59.609656 36.010813 
2.404478 67.387161 60.792431 -32.122240 -13.521550 6.186634 2.198889 7.262284 -4.458762 4.276065 14.644117 -7.997309 4.276062 14.644105 -7.997301 -14.016661 -4.488875 9.313921 -31.159907 3.811833 3.006876 4.420424 1.240090 -10.107214 41.698636 26.775212 -40.351050 -87.982733 2.440565 -16.989242 -13.141828 12.760813 12.513069 -2.218661 -6.250959 7.158164 11.773294 4.437854 3.534677 0.000005 -0.000002 0.000005 -9.992893 -2.274331 -28.898899 -1.490388 -1.091070 -37.750917 -0.000004 -0.000000 -0.000003 -1.270536 -0.925810 -33.204196 -2.484893 -0.896593 -31.414612 0.000003 0.000001 -0.000001 8.192657 0.030920 -37.882835 -2.803409 -0.629440 -34.111498 -0.000003 -0.000002 -0.000002 18.996266 1.590791 -35.242232 -5.830107 -0.757650 -43.571628 -0.000001 0.000001 0.000003 4.051924 0.835615 6.244495 33.824620 -33.573190 17.106062 63.709518 -1.741341 10.555343 10.009926 -3.163671 -8.158186 2.835525 -5.785760 -6.805851 -11.255161 4.226183 -3.411760 0.000008 0.000001 0.000003 7.470118 -2.311808 28.144305 0.829732 -0.917375 38.985542 0.000003 -0.000001 0.000004 0.135598 -1.628968 32.563354 1.981229 -0.795241 32.665909 0.000000 0.000001 -0.000001 -8.180360 1.513352 37.945283 3.609997 -0.941580 35.211763 -0.000001 -0.000000 -0.000001 -16.337582 3.352354 36.847440 8.075865 -1.661753 44.346031 0.000008 -0.000010 -0.000004 8.520879 -62.844372 -2.998659 -95.253333 36.116968 -80.210668 7.642519 -8.410556 -8.532487 -0.920863 -11.141950 -5.623093 -8.296757 -18.973304 -45.085129 109.344731 59.114379 108.570372 0.335724 -0.817926 -5.317403 -57.459069 -55.949682 59.775548 
3.670669 63.686455 66.512451 -38.998034 -13.728217 8.921506 2.187129 7.751260 -5.292168 3.896944 15.634682 -9.632483 3.896924 15.634686 -9.632486 -15.938171 -4.143346 7.976392 -36.714931 7.166344 -2.243408 4.662602 1.318944 -10.229515 27.538414 11.222835 -42.701052 -76.449071 3.798655 -14.043707 -8.164593 8.643927 16.519651 -1.413094 -6.639611 9.431454 11.718710 4.415389 3.521811 0.000008 -0.000006 0.000000 -11.241735 -1.127282 -21.244030 -0.727602 -0.576890 -30.219537 -0.000001 -0.000003 -0.000001 -0.622636 -0.560511 -25.650866 -1.752286 -0.512847 -23.870379 0.000001 0.000001 -0.000003 9.236881 0.174173 -30.337487 -2.404436 -0.396167 -26.530772 -0.000001 -0.000004 0.000000 21.361441 1.032933 -26.267398 -5.706100 -0.654265 -35.976519 0.000000 0.000000 0.000000 4.167466 0.916834 10.111525 25.323263 -34.399957 22.637096 61.706641 2.136742 13.375226 9.749336 0.553480 -14.431771 3.197553 -6.899030 -9.217554 -11.547585 4.347159 -3.480144 0.000008 0.000005 0.000000 9.641090 -1.980385 21.032637 0.141859 -0.438927 30.628081 0.000001 0.000004 -0.000001 -0.048201 -1.532575 25.443807 1.323512 -0.438097 24.298967 -0.000003 0.000005 -0.000002 -9.638398 1.699085 30.430535 2.993493 -0.570652 26.843355 0.000000 -0.000005 -0.000001 -18.914752 2.964437 26.943739 7.585644 -1.247965 35.975648 0.000011 -0.000011 -0.000003 21.643575 -62.104581 -13.450285 -109.082369 28.736505 -87.311094 11.295338 -17.601070 -5.070212 -0.647061 -9.052401 -4.675255 -0.329328 -21.798269 -57.388957 117.771654 60.853413 117.331257 0.247069 1.858179 -14.671047 -47.901305 -46.259891 63.491649 
5.248683 62.730934 68.663559 -43.237580 -13.025113 10.524491 2.039291 8.406525 -5.363689 3.458061 16.919809 -9.568980 3.458051 16.919808 -9.568975 -16.704203 -3.915993 3.966833 -41.399822 11.505216 -8.154271 2.861140 1.282184 -9.689300 10.192841 -8.697618 -42.400486 -58.254417 4.016926 -11.289782 -5.228509 3.681425 16.898450 -1.027023 -6.810078 10.478265 12.044117 4.548983 3.598777 0.000001 -0.000011 0.000000 -12.531772 -0.632555 -18.333973 -0.430089 -0.413154 -27.439219 -0.000003 0.000001 -0.000002 -0.372274 -0.447664 -22.863082 -1.470180 -0.396047 -21.085778 0.000002 0.000003 -0.000003 9.883496 0.224826 -27.568993 -2.249981 -0.323484 -23.733449 -0.000000 -0.000000 -0.000000 23.049383 0.741885 -22.862240 -5.657062 -0.620416 -33.174171 -0.000001 0.000000 -0.000001 3.727465 1.045436 13.004038 13.666465 -32.602610 29.885100 57.534768 2.645081 11.272272 11.691966 2.285122 -18.613854 3.526970 -7.434441 -10.323449 -12.032188 4.546416 -3.594563 0.000013 0.000005 0.000001 11.349761 -1.765402 18.379926 -0.134902 -0.285108 27.471026 -0.000002 -0.000001 -0.000003 -0.080846 -1.497112 22.856494 1.062652 -0.328674 21.138679 0.000000 0.000005 0.000002 -10.547748 1.765869 27.680272 2.747559 -0.454799 23.682621 -0.000001 0.000001 0.000000 -20.591275 2.633802 23.132483 7.385614 -1.111039 32.814479 0.000010 -0.000010 -0.000004 16.660602 -63.389012 -12.029462 -109.316317 30.907176 -87.730966 11.984353 -18.174421 -7.355192 0.311682 -7.522398 -3.174814 5.444669 -22.853905 -63.098893 126.664041 66.013806 126.132161 1.761231 -6.394899 -20.272908 -37.533430 -40.414199 63.413512 
7.064252 62.663269 68.563141 -47.687285 -8.424093 10.954067 1.837964 8.349710 -4.876496 3.139409 16.775190 -8.423408 3.139406 16.775190 -8.423399 -16.425427 -4.279243 0.752418 -43.089102 14.576677 -10.678070 1.405553 1.271715 -8.546149 -0.852215 -19.763584 -37.197473 -51.435556 3.058152 -9.564646 -5.158705 1.838128 14.382568 -0.965825 -6.812815 10.552276 12.711784 4.821020 3.758712 0.000003 -0.000009 0.000003 -14.022170 -0.926688 -19.188441 -0.543656 -0.473433 -28.491806 -0.000002 -0.000001 -0.000003 -0.467795 -0.488482 -23.918532 -1.577682 -0.438424 -22.139980 0.000001 0.000000 -0.000001 10.216482 0.335809 -28.651810 -2.308832 -0.350253 -24.792414 0.000001 -0.000002 0.000001 24.310566 1.070077 -23.890151 -5.675826 -0.632936 -34.235022 -0.000000 -0.000003 0.000000 2.781789 1.402291 15.380213 2.424319 -28.575404 33.293853 60.491939 1.689668 8.650079 12.247234 2.422002 -21.580025 3.821452 -7.540349 -10.385427 -12.710867 4.822933 -3.757179 0.000013 0.000003 0.000002 12.759409 -2.051136 19.271799 -0.043659 -0.333635 28.501138 -0.000004 -0.000001 0.000002 0.008059 -1.530998 23.926400 1.148489 -0.362494 22.169810 -0.000000 0.000001 0.000000 -11.025907 1.926256 28.771612 2.828315 -0.491818 24.713885 0.000000 0.000002 -0.000003 -21.664190 2.775593 24.182563 7.451714 -1.154480 33.845910 0.000009 -0.000012 -0.000003 1.393771 -66.915042 2.560154 -102.383040 35.617036 -83.793833 12.400226 -20.285582 -11.092300 1.370326 -7.530741 -5.092736 12.954125 -28.549265 -66.528508 131.200708 66.349605 132.453269 4.347427 -19.223274 -21.156308 -26.050627 -32.775083 57.967221 
8.670260 63.166039 67.611595 -54.836829 -1.856384 10.939217 1.558496 8.155770 -4.767617 2.733906 16.371834 -8.139980 2.733897 16.371830 -8.139974 -15.775946 -4.900496 0.713240 -41.903900 15.088760 -7.105253 1.795130 1.416176 -8.241124 -5.102568 -23.457979 -26.332983 -57.589812 2.738646 -9.426435 -4.107622 2.493613 12.596097 -0.924093 -6.801551 10.552950 13.487216 5.133325 3.947693 0.000001 -0.000005 0.000004 -15.690893 -1.396017 -20.420792 -0.702595 -0.562397 -29.982973 -0.000001 0.000002 -0.000001 -0.601539 -0.550462 -25.413751 -1.728514 -0.502376 -23.633459 0.000000 0.000002 -0.000000 10.556430 0.486049 -30.176285 -2.391429 -0.389690 -26.292767 0.000001 -0.000000 -0.000000 25.668580 1.563620 -25.376376 -5.701998 -0.651300 -35.738060 -0.000000 -0.000001 -0.000001 1.842360 1.879112 17.279134 -4.817700 -24.445995 32.840478 65.121305 0.054093 7.022589 11.596352 0.534441 -24.166263 4.146623 -7.624591 -10.368323 -13.486286 5.135245 -3.946247 0.000013 0.000005 -0.000001 14.295627 -2.484550 20.532727 0.087170 -0.406944 29.996456 0.000000 0.000002 -0.000001 0.115426 -1.576420 25.422651 1.271802 -0.415057 23.666650 -0.000003 0.000000 0.000001 -11.515712 2.143767 30.302691 2.944800 -0.546362 26.210998 -0.000003 -0.000000 0.000000 -22.806796 3.044172 25.736940 7.546234 -1.219684 35.343241 0.000007 -0.000011 -0.000004 -13.485364 -69.061443 22.006173 -94.023879 41.010682 -78.454483 11.953581 -20.289261 -14.843623 2.177779 -8.119149 -5.340697 22.820640 -40.814683 -70.526423 133.342068 64.272920 135.320486 5.498923 -27.322787 -20.897508 -12.505119 -21.036735 41.856502 
10.269419 63.950455 65.669357 -64.156786 3.288362 10.332487 1.254719 8.228333 -4.871473 2.279296 16.509896 -8.404050 2.279292 16.509892 -8.404050 -15.853374 -4.856741 2.089375 -40.980551 14.214087 -1.949546 2.739889 1.701186 -8.747939 -10.932490 -24.420003 -13.364120 -60.702569 2.540273 -7.212319 -3.321558 4.208278 8.902237 -0.880652 -6.789712 10.553009 14.294398 5.454270 4.148048 0.000003 -0.000005 0.000003 -17.406431 -1.963583 -21.660750 -0.865160 -0.659151 -31.531271 0.000002 0.000001 -0.000003 -0.738815 -0.617977 -26.966352 -1.883361 -0.572686 -25.184217 -0.000000 0.000003 -0.000002 10.901957 0.664263 -31.756664 -2.476060 -0.432950 -27.850783 -0.000002 -0.000000 -0.000000 27.058419 2.154460 -26.886324 -5.728662 -0.671082 -37.298929 0.000000 -0.000000 0.000000 0.858173 2.499976 19.374815 -9.824849 -20.410559 30.590112 66.195632 -3.056321 5.239836 11.948082 -2.386164 -22.051573 4.484353 -7.712189 -10.351073 -14.293469 5.456137 -4.146671 0.000009 0.000006 0.000003 15.874970 -3.009776 21.808519 0.220979 -0.486659 31.549170 0.000003 0.000000 -0.000001 0.225531 -1.625804 26.976437 1.398433 -0.472676 25.220981 -0.000001 -0.000001 0.000000 -12.013719 2.401545 31.887349 3.063987 -0.606996 27.765574 -0.000000 0.000002 0.000002 -23.983057 3.396156 27.327438 7.642551 -1.289994 36.898075 0.000006 -0.000009 -0.000004 -22.745373 -66.796900 38.491941 -84.061037 46.185548 -70.845318 10.587580 -18.973562 -18.888135 2.591002 -7.870922 -5.306729 33.517996 -52.125951 -74.388232 133.461159 63.596363 136.073665 6.289353 -30.702619 -17.150600 -4.158305 -15.776588 22.687197 
12.033906 65.095779 62.607208 -75.216973 6.472408 9.236006 0.979034 8.071159 -4.698018 1.847108 16.186645 -8.225058 1.847082 16.186635 -8.225044 -16.805407 -3.846894 4.742255 -40.781769 11.265877 2.012255 2.724803 2.041880 -9.158782 -19.317699 -26.401695 -3.767339 -50.888925 3.783602 -7.455538 -4.499868 3.272062 7.827227 -0.841533 -6.778875 10.553003 15.031933 5.743763 4.334319 0.000003 -0.000005 0.000002 -18.953024 -2.548512 -22.754068 -1.011001 -0.751120 -32.942252 -0.000001 0.000002 -0.000003 -0.862388 -0.682248 -28.381417 -2.022817 -0.640379 -26.597573 0.000003 0.000001 -0.000002 11.209550 0.845622 -33.194651 -2.551999 -0.474979 -29.270823 -0.000000 0.000002 -0.000000 28.305026 2.759245 -28.231796 -5.752504 -0.689729 -38.721609 0.000000 -0.000001 -0.000001 -0.059612 3.300872 22.563747 -15.645663 -15.418262 27.620349 61.641808 -5.745656 3.431370 13.221337 -4.104672 -17.680103 4.791234 -7.794706 -10.334492 -15.030917 5.745616 -4.332999 0.000008 0.000008 0.000003 17.298673 -3.552058 22.940194 0.341029 -0.562455 32.964231 -0.000002 -0.000001 -0.000002 0.324965 -1.672821 28.392603 1.512442 -0.528182 26.637630 0.000002 -0.000004 -0.000001 -12.457210 2.663674 33.326863 3.170997 -0.665731 29.182410 0.000000 0.000002 0.000000 -25.043934 3.778278 28.755223 7.728652 -1.356355 38.315213 0.000008 -0.000007 -0.000005 -19.942974 -60.716038 44.483700 -70.524094 50.197338 -57.771215 9.348954 -17.518172 -25.200905 2.957051 -8.074334 -5.287363 42.711372 -64.041063 -83.914837 118.797794 58.389703 124.117419 4.251588 -22.958206 -12.316348 -0.708274 -9.788865 8.545375 
12.827959 66.587296 59.407825 -87.614156 9.118789 8.546981 0.667303 7.297197 -4.599117 1.288021 14.626135 -8.167657 1.288013 14.626135 -8.167657 -16.980250 -3.322824 8.534891 -38.527171 6.391224 5.597953 2.892465 2.423742 -10.956844 -21.391417 -27.756992 -2.994686 -43.372364 4.125315 -7.433834 -5.978938 2.462427 9.749231 -0.830814 -6.775216 10.552052 15.264821 5.834452 4.393745 -0.000000 -0.000006 0.000006 -19.436910 -2.745924 -23.090986 -1.056512 -0.780848 -33.386993 0.000000 -0.000001 -0.000000 -0.901152 -0.702507 -28.827452 -2.066478 -0.662192 -27.043058 0.000003 0.000002 -0.000002 11.304796 0.906721 -33.647421 -2.575488 -0.489564 -29.718423 0.000000 0.000001 -0.000000 28.693570 2.962990 -28.649502 -5.759909 -0.695730 -39.170052 -0.000000 0.000001 -0.000001 -0.076996 3.720979 24.930971 -19.651264 -11.094735 26.989904 54.235209 -5.891213 3.659762 14.218087 -4.215371 -17.918549 4.887896 -7.820929 -10.329246 -15.263743 5.836267 -4.392431 0.000011 0.000003 0.000000 17.743602 -3.735223 23.290376 0.378463 -0.586974 33.410249 0.000000 0.000001 0.000001 0.356206 -1.688528 28.838985 1.548172 -0.545995 27.084132 0.000000 -0.000002 -0.000001 -12.594804 2.751587 33.779612 3.204224 -0.685598 29.628995 0.000000 -0.000000 0.000000 -25.375555 3.911642 29.200490 7.755438 -1.377691 38.761918 0.000007 -0.000011 -0.000003 -11.134363 -51.794796 44.443488 -52.440639 51.736388 -40.451618 8.708609 -15.989183 -32.716941 3.263612 -8.520880 -5.334033 58.592149 -73.872314 -100.893580 122.811077 62.282528 126.314445 2.509683 -16.771938 -6.687191 0.044960 -4.206414 0.707866 
12.782583 68.487228 56.481350 -100.133947 11.870369 7.971365 0.466955 6.312440 -4.271515 0.884450 12.645196 -7.619838 0.884439 12.645179 -7.619821 -16.076614 -3.502779 11.577171 -34.876223 0.044474 8.358047 3.099114 2.451839 -12.173694 -16.106459 -26.548018 -10.228962 -51.958410 3.781477 -8.620311 -3.705401 2.501992 9.565156 -0.853618 -6.782935 10.556036 14.822451 5.661905 4.281095 -0.000000 -0.000003 0.000003 -18.515231 -2.375930 -22.446961 -0.969777 -0.724616 -32.541279 0.000002 -0.000001 0.000000 -0.827366 -0.663935 -27.979254 -1.983361 -0.620805 -26.195922 0.000003 -0.000000 -0.000003 11.122376 0.793101 -32.786230 -2.530648 -0.462403 -28.867245 0.000000 0.000001 0.000000 27.952324 2.582070 -27.852441 -5.745779 -0.684370 -38.317272 -0.000000 0.000001 0.000000 -0.190588 3.508939 23.979297 -23.485262 -5.312516 28.444039 54.443021 -4.606236 5.520217 12.822510 -4.097880 -18.105693 4.704370 -7.770203 -10.339578 -14.821244 5.663677 -4.279714 0.000011 0.000006 0.000008 16.894022 -3.391698 22.621663 0.307087 -0.540618 32.562087 0.000001 0.000000 0.000000 0.297344 -1.660841 27.990037 1.480203 -0.512115 26.235009 -0.000001 -0.000000 -0.000001 -12.332228 2.586611 32.918216 3.140821 -0.648403 28.779784 -0.000000 0.000000 0.000000 -24.742500 3.668804 28.350717 7.704342 -1.337283 37.912471 0.000007 -0.000011 -0.000004 -2.598735 -40.145140 42.682457 -31.830451 48.217116 -21.816773 7.765885 -13.185346 -39.546881 3.622145 -8.690409 -5.107074 83.503243 -78.794790 -123.953112 126.765784 71.424490 126.379892 0.996787 -10.273253 -3.114349 0.696011 -3.552333 0.829323 
11.339911 70.745781 53.449326 -111.553265 14.629207 7.825267 0.388569 5.502180 -3.852058 0.585131 11.015114 -6.812525 0.585143 11.015115 -6.812530 -14.096483 -3.138970 12.531573 -30.295215 -7.296134 8.733801 2.585124 1.642577 -9.985180 -7.804336 -21.453781 -23.699037 -68.323905 3.298681 -10.963546 0.352107 4.079698 8.367526 -0.915877 -6.793327 10.528971 13.825916 5.268492 4.031310 0.000001 -0.000001 0.000002 -16.395640 -1.649718 -21.034683 -0.780446 -0.607976 -30.721368 -0.000002 -0.000000 -0.000001 -0.667279 -0.581929 -26.154195 -1.802603 -0.535386 -24.373067 0.000001 0.000000 -0.000001 10.687437 0.561817 -30.928589 -2.431928 -0.410042 -27.035808 0.000000 -0.000002 0.000000 26.221813 1.824584 -26.118923 -5.714779 -0.660640 -36.482455 -0.000001 0.000003 -0.000003 -1.163499 2.118972 17.110247 -25.812847 3.760992 33.982701 61.464654 -2.283197 9.295492 12.912343 -2.320666 -15.872125 4.283374 -7.647114 -10.332200 -13.820355 5.268535 -4.028741 0.000011 0.000002 -0.000002 14.926999 -2.712805 21.154978 0.152070 -0.444994 30.746636 0.000002 -0.000003 -0.000000 0.164043 -1.601250 26.158212 1.333175 -0.442479 24.417622 -0.000000 0.000000 0.000000 -11.706534 2.251148 31.056788 3.002571 -0.575286 26.962083 0.000000 0.000000 -0.000001 -23.266570 3.213010 26.521845 7.593008 -1.253326 36.094452 0.000008 -0.000011 -0.000003 4.860012 -26.689792 40.046311 -16.385836 38.658703 -9.926205 5.482227 -7.756242 -42.637425 4.456502 -11.682948 -5.103958 94.921475 -80.226398 -132.994561 103.293805 79.648277 102.599953 -0.643669 -3.910761 1.070869 2.549676 -2.878148 0.299190 
8.883211 73.325127 48.825665 -124.002262 16.100730 6.533452 0.346242 4.919622 -3.156087 0.351710 9.842449 -5.410447 0.351727 9.842460 -5.410446 -11.367749 -3.203439 10.742037 -25.380860 -13.907622 7.619289 1.962884 1.361926 -10.206304 -1.221146 -12.830726 -33.212737 -82.529695 1.822262 -12.890364 -0.212320 7.822063 8.888040 -1.358579 -6.617274 9.409715 12.911590 4.901882 3.807074 0.000001 -0.000003 -0.000001 -13.782506 -1.870459 -23.270108 -0.976125 -0.728654 -32.602788 0.000000 0.000000 -0.000002 -0.832726 -0.666793 -28.040860 -1.989425 -0.623791 -26.257525 0.000001 0.000002 -0.000003 9.745526 0.396261 -32.777719 -2.533940 -0.464232 -28.929150 -0.000000 0.000000 -0.000000 23.402882 1.807029 -28.702432 -5.746802 -0.685186 -38.379297 0.000001 -0.000000 0.000000 -0.547974 1.442371 14.754091 -27.244069 12.164825 38.232445 69.510357 -0.489727 11.116137 13.810091 2.230565 -11.289505 3.690946 -7.024754 -9.158180 -12.735321 4.832848 -3.763085 0.000006 0.000004 -0.000000 11.968022 -2.644367 23.102232 0.346340 -0.565931 33.027383 0.000001 -0.000001 0.000001 0.118210 -1.610351 27.830473 1.517515 -0.530725 26.700818 0.000001 0.000000 0.000001 -10.373866 2.017155 32.885927 3.175868 -0.667858 29.245624 -0.000000 -0.000000 0.000001 -20.623594 3.399807 29.482320 7.732439 -1.359347 38.378409 0.000007 -0.000010 -0.000002 8.579023 -15.297283 38.306867 -1.073468 36.809737 -2.607029 1.677882 -1.900062 -38.274662 6.917000 -10.675903 -12.069635 85.314561 -84.061686 -120.006328 53.701881 81.177249 55.338401 -1.313479 0.158549 5.771075 4.834304 -4.442950 -0.497125 
6.347605 76.228241 43.379494 -136.629998 15.278134 4.198078 0.325526 4.682499 -2.133109 0.408944 9.366340 -3.368792 0.408929 9.366357 -3.368787 -9.040023 -3.864304 8.477774 -20.887466 -17.696911 5.730290 0.848022 1.292664 -11.358453 3.116829 -3.338496 -41.350228 -92.341002 -0.666281 -12.871716 -3.963736 11.209304 7.578499 -2.463548 -6.094550 6.353725 12.626821 4.786581 3.738224 0.000003 -0.000004 0.000003 -11.224397 -3.319856 -32.992764 -1.892745 -1.427350 -42.039145 0.000000 -0.000000 -0.000002 -1.616389 -1.171050 -37.505962 -2.877714 -1.157225 -35.710794 0.000002 0.000004 -0.000003 8.174079 0.125475 -42.222215 -3.015839 -0.785289 -38.429772 0.000002 -0.000002 -0.000003 19.494337 2.382326 -40.100649 -5.894287 -0.823607 -47.898686 0.000003 -0.000003 -0.000001 0.573097 1.286770 15.190148 -29.451950 17.875285 42.132824 74.804922 0.149373 9.775286 14.147848 5.775846 -7.632865 3.059534 -5.495344 -5.919926 -11.982853 4.526191 -3.582871 0.000015 0.000001 0.000005 8.296501 -2.922136 32.102767 1.175750 -1.221233 43.573421 0.000001 -0.000000 0.000000 0.311843 -1.723721 36.713322 2.318265 -1.031063 37.259529 -0.000001 0.000000 0.000003 -8.172591 1.655395 42.288484 3.923635 -1.182352 39.806315 -0.000000 0.000002 -0.000004 -16.562859 3.816330 42.100046 8.317895 -1.918084 48.942281 0.000006 -0.000011 -0.000008 8.445507 -11.676803 31.404288 18.665700 48.745820 17.136545 -0.077994 -1.827730 -27.857294 7.459974 -1.265030 -11.344047 163.245018 -95.703777 -191.477578 18.639130 80.173478 19.939305 -1.389494 -3.282199 6.178005 7.848492 -7.426591 -1.847500 
4.213848 79.507324 36.412811 -148.730402 12.976192 1.501990 0.415260 4.651041 -0.972378 0.826799 9.301557 -1.240054 0.826806 9.301542 -1.240055 -7.481405 -5.119339 6.488596 -16.600071 -17.914975 2.984538 -0.400436 1.151328 -11.211994 6.558912 3.832754 -49.297867 -97.819709 -1.637930 -13.931708 -8.931601 11.500218 4.354172 -3.931776 -5.359660 2.299202 12.780309 4.848796 3.775288 -0.000002 -0.000005 0.000000 -8.770334 -4.502872 -46.971419 -2.987444 -2.679120 -55.654898 0.000002 0.000000 -0.000002 -2.578371 -2.110323 -51.167928 -3.979446 -2.167689 -49.353082 0.000003 0.000002 -0.000001 6.506068 -0.671073 -55.874171 -3.603639 -1.378871 -52.148699 -0.000000 -0.000000 -0.000000 15.432990 1.814526 -56.413510 -6.062407 -1.062054 -61.648154 0.000001 -0.000002 -0.000001 1.684075 1.145236 15.880395 -29.355938 18.580177 46.084355 76.899454 0.054273 7.757425 13.332596 5.484214 -5.248750 2.576634 -3.412302 -1.639887 -11.512000 4.332464 -3.471783 0.000006 0.000000 0.000001 4.942140 -1.968871 45.025321 2.125299 -2.399120 58.677042 -0.000001 -0.000001 0.000000 0.709410 -1.836105 49.604375 3.276606 -1.983846 52.383057 0.000002 0.000000 0.000000 -5.840580 0.569093 55.871958 4.803513 -2.138059 54.934047 -0.000002 -0.000001 0.000000 -12.224530 2.695699 60.013280 8.957110 -2.883935 64.079967 0.000003 -0.000010 -0.000004 9.524524 -13.797001 20.340481 33.875317 65.629457 40.308341 -0.057372 -7.116665 -14.151947 3.111881 5.413412 -7.164941 151.001972 -108.407431 -171.222461 -1.556447 77.190229 -0.576063 -0.732751 -12.561911 2.503850 9.326267 -8.090631 -2.263896 
1.837636 83.230171 27.311047 -160.295920 10.401784 -1.771014 0.722646 4.598827 0.471867 1.603808 9.190469 1.019792 1.603799 9.190475 1.019792 -5.570604 -7.097700 3.224666 -12.461721 -16.174600 0.220226 -0.968469 1.084194 -10.704955 9.332724 9.494847 -57.221194 -99.390447 -1.011050 -14.311611 -13.901364 10.751759 2.240447 -5.435084 -4.572825 -1.776134 13.158166 5.001295 3.867091 0.000005 -0.000007 0.000001 -6.846354 -4.828500 -61.552606 -3.783287 -4.222325 -69.866517 0.000000 0.000003 -0.000000 -3.316900 -3.304184 -65.428670 -4.842272 -3.468583 -63.590338 0.000005 0.000004 0.000000 5.283235 -1.931007 -70.120518 -4.049007 -2.128801 -66.472931 0.000001 0.000002 0.000003 12.494902 -0.133292 -73.307321 -6.172226 -1.346189 -76.006939 0.000002 -0.000001 -0.000002 3.161137 0.949296 15.154784 -24.896793 14.874878 49.729972 79.487856 -1.334678 5.937382 11.184979 2.042676 0.468223 2.340919 -1.238286 2.649971 -11.256822 4.226872 -3.412167 0.000008 0.000005 -0.000000 3.057477 0.256238 58.370407 2.752771 -3.843799 74.401216 -0.000001 0.000002 0.000000 1.263318 -1.951002 63.082541 3.974725 -3.205344 68.125536 -0.000005 -0.000000 -0.000001 -4.128584 -1.162782 70.020292 5.421939 -3.340804 70.683244 0.000003 0.000001 0.000001 -9.180149 -0.041415 78.449572 9.330724 -4.030183 79.847889 0.000002 -0.000009 -0.000003 9.640151 -21.738938 10.996907 94.681530 77.177094 101.090037 -0.399706 -10.971479 -3.531680 0.739919 3.314939 -7.302701 161.664895 -122.353359 -172.165997 -5.786081 71.829691 -4.713117 -0.232468 -19.336971 2.161681 10.882414 -7.504796 -2.708322 
0.122579 87.229156 15.332799 -170.351502 7.383854 -3.504495 1.072574 4.829167 1.466067 2.331111 9.647641 2.349802 2.331116 9.647646 2.349804 -3.601035 -7.926376 0.368053 -8.987796 -14.980949 -1.713476 -1.061327 1.084666 -10.139204 12.322371 14.220580 -62.589367 -100.346721 0.144945 -13.191488 -18.049846 10.948399 0.744083 -6.602953 -3.940307 -4.874788 13.538711 5.153943 3.960396 0.000003 -0.000002 0.000001 -5.804661 -4.620100 -72.859042 -4.125295 -5.530471 -80.931451 -0.000000 -0.000000 -0.000000 -3.674137 -4.337448 -76.527127 -5.276186 -4.604198 -74.669622 0.000003 0.000001 0.000000 4.714705 -3.111697 -81.202999 -4.258576 -2.774922 -77.619253 0.000001 0.000001 0.000001 11.212427 -2.242053 -86.367045 -6.206715 -1.580900 -87.179408 -0.000001 -0.000001 0.000000 5.166064 0.757198 13.287740 -17.541497 9.106752 52.118097 83.516439 -2.728978 5.092754 8.602438 -0.881776 3.429108 2.309508 0.463509 5.911970 -11.151864 4.183282 -3.387774 0.000004 0.000007 0.000006 2.767613 2.452780 68.654698 2.954927 -5.051984 86.627692 0.000001 0.000000 0.000000 1.795503 -2.092930 73.570201 4.272099 -4.258470 80.360789 0.000004 -0.000000 0.000001 -3.327434 -2.790526 81.011221 5.662448 -4.364794 82.925334 -0.000001 -0.000001 0.000000 -8.011956 -2.818663 92.659480 9.396430 -4.965516 92.110012 0.000008 -0.000012 -0.000004 10.387705 -32.566735 1.006685 127.983934 69.898763 134.174995 -0.730822 -10.512039 2.334224 -1.641190 0.212290 -6.947713 170.271999 -138.747288 -172.277643 -3.638865 63.995068 -3.933462 0.154284 -24.351318 1.050730 12.767879 -7.913899 -3.612844 
-0.139686 91.887268 -0.637446 -177.009543 5.440956 -2.844754 1.328235 4.922805 1.611991 2.842148 9.845257 2.208486 2.842148 9.845265 2.208486 -3.172050 -7.485285 -0.021159 -7.586351 -13.982874 -3.410638 -1.226765 1.083766 -9.131883 17.317806 21.045018 -63.355810 -103.934510 -1.255959 -11.171818 -20.645423 11.083088 -1.301054 -7.100892 -3.663753 -6.176994 13.722317 5.227259 4.005711 0.000001 -0.000002 -0.000005 -5.501020 -4.453315 -77.663602 -4.193036 -6.103557 -85.654199 0.000001 0.000000 -0.000001 -3.764364 -4.795262 -81.261561 -5.392986 -5.109759 -79.396031 0.000003 0.000001 -0.000000 4.581244 -3.643624 -85.930603 -4.309059 -3.060449 -82.372443 -0.000002 0.000001 0.000001 10.955029 -3.213144 -91.924265 -6.207428 -1.682172 -91.942932 -0.000004 0.000000 -0.000000 6.054628 0.772080 9.611611 -10.571308 5.413774 54.520530 88.922369 -3.108247 4.746322 5.794065 -0.538199 2.381435 2.334643 1.189045 7.285620 -11.131159 4.173746 -3.384303 0.000011 0.000005 0.000003 2.977396 3.420978 73.024824 2.961824 -5.574525 91.841667 -0.000001 0.000001 -0.000001 2.048830 -2.179463 78.040895 4.329235 -4.721748 85.576130 0.000003 0.000001 0.000000 -3.136840 -3.524793 85.698459 5.697454 -4.812157 88.143878 0.000003 -0.000001 0.000000 -7.859675 -4.070491 98.704812 9.363254 -5.364171 97.338344 0.000007 -0.000009 -0.000003 7.695071 -41.948095 -6.278442 126.424015 72.957110 131.595971 -0.921553 -12.535541 5.573836 -2.888248 -0.897400 -6.582278 173.997525 -159.727853 -173.747855 -0.063453 48.722167 -1.590539 0.400318 -24.552063 -1.564564 13.194319 -10.179301 -3.718397 
