HIERARCHY
ROOT mixamorig:Hips
{
	OFFSET 0.000000 99.791901 0.000000
	CHANNELS 6 Xposition Yposition Zposition Yrotation Xrotation Zrotation
	JOINT mixamorig:Spine
	{
		OFFSET 0.000038 9.923500 -1.227300
		CHANNELS 3 Yrotation Xrotation Zrotation
		JOINT mixamorig:Spine1
		{
			OFFSET -0.001154 11.645462 -1.422353
			CHANNELS 3 Yrotation Xrotation Zrotation
			JOINT mixamorig:Spine2
			{
				OFFSET -0.001065 13.360161 -1.626458
				CHANNELS 3 Yrotation Xrotation Zrotation
				JOINT mixamorig:Neck
				{
					OFFSET -0.001308 15.032516 0.792905
					CHANNELS 3 Yrotation Xrotation Zrotation
					JOINT mixamorig:Head
					{
						OFFSET -0.000902 10.321808 3.142400
						CHANNELS 3 Yrotation Xrotation Zrotation
						End Site
						{
							OFFSET -0.001707 19.630493 -0.000000
						}
					}
				}
				JOINT mixamorig:LeftShoulder
				{
					OFFSET 6.105007 9.110962 0.705601
					CHANNELS 3 Yrotation Xrotation Zrotation
					JOINT mixamorig:LeftArm
					{
						OFFSET 12.655048 -0.266434 -2.600898
						CHANNELS 3 Yrotation Xrotation Zrotation
						JOINT mixamorig:LeftForeArm
						{
							OFFSET 27.404696 0.000000 0.000000
							CHANNELS 3 Yrotation Xrotation Zrotation
							JOINT mixamorig:LeftHand
							{
								OFFSET 27.614513 0.000000 0.000000
								CHANNELS 3 Yrotation Xrotation Zrotation
								JOINT mixamorig:LeftHandThumb1
								{
									OFFSET 3.788795 -2.167099 3.003002
									CHANNELS 3 Yrotation Xrotation Zrotation
									JOINT mixamorig:LeftHandThumb2
									{
										OFFSET 3.675461 -2.122025 2.122029
										CHANNELS 3 Yrotation Xrotation Zrotation
										JOINT mixamorig:LeftHandThumb3
										{
											OFFSET 3.394363 -1.959732 1.959735
											CHANNELS 3 Yrotation Xrotation Zrotation
											End Site
											{
												OFFSET 2.679413 -1.546967 1.546960
											}
										}
									}
								}
								JOINT mixamorig:LeftHandIndex1
								{
									OFFSET 12.266594 -0.231796 2.822001
									CHANNELS 3 Yrotation Xrotation Zrotation
									JOINT mixamorig:LeftHandIndex2
									{
										OFFSET 3.891998 0.000000 0.000000
										CHANNELS 3 Yrotation Xrotation Zrotation
										JOINT mixamorig:LeftHandIndex3
										{
											OFFSET 3.415207 0.000000 0.000000
											CHANNELS 3 Yrotation Xrotation Zrotation
											End Site
											{
												OFFSET 3.077995 0.000000 0.000000
											}
										}
									}
								}
								JOINT mixamorig:LeftHandMiddle1
								{
									OFFSET 12.775497 0.000000 0.000000
									CHANNELS 3 Yrotation Xrotation Zrotation
									JOINT mixamorig:LeftHandMiddle2
									{
										OFFSET 3.613998 0.000000 0.000000
										CHANNELS 3 Yrotation Xrotation Zrotation
										JOINT mixamorig:LeftHandMiddle3
										{
											OFFSET 3.459793 0.000000 0.000000
											CHANNELS 3 Yrotation Xrotation Zrotation
											End Site
											{
												OFFSET 3.680214 0.000000 0.000000
											}
										}
									}
								}
								JOINT mixamorig:LeftHandRing1
								{
									OFFSET 12.146996 0.009995 -2.216599
									CHANNELS 3 Yrotation Xrotation Zrotation
									JOINT mixamorig:LeftHandRing2
									{
										OFFSET 3.601196 0.000000 0.000000
										CHANNELS 3 Yrotation Xrotation Zrotation
										JOINT mixamorig:LeftHandRing3
										{
											OFFSET 3.307304 0.000000 0.000000
											CHANNELS 3 Yrotation Xrotation Zrotation
											End Site
											{
												OFFSET 3.660095 0.000000 0.000000
											}
										}
									}
								}
								JOINT mixamorig:LeftHandPinky1
								{
									OFFSET 10.908195 -0.226105 -4.725800
									CHANNELS 3 Yrotation Xrotation Zrotation
									JOINT mixamorig:LeftHandPinky2
									{
										OFFSET 4.136703 0.000000 0.000000
										CHANNELS 3 Yrotation Xrotation Zrotation
										JOINT mixamorig:LeftHandPinky3
										{
											OFFSET 2.594803 0.000000 0.000000
											CHANNELS 3 Yrotation Xrotation Zrotation
											End Site
											{
												OFFSET 2.923904 0.000000 0.000000
											}
										}
									}
								}
							}
						}
					}
				}
				JOINT mixamorig:RightShoulder
				{
					OFFSET -6.106493 9.110001 0.705582
					CHANNELS 3 Yrotation Xrotation Zrotation
					JOINT mixamorig:RightArm
					{
						OFFSET -12.655064 -0.265533 -2.600914
						CHANNELS 3 Yrotation Xrotation Zrotation
						JOINT mixamorig:RightForeArm
						{
							OFFSET -27.404697 0.000000 -0.000000
							CHANNELS 3 Yrotation Xrotation Zrotation
							JOINT mixamorig:RightHand
							{
								OFFSET -27.614510 0.000000 -0.000000
								CHANNELS 3 Yrotation Xrotation Zrotation
								JOINT mixamorig:RightHandThumb1
								{
									OFFSET -3.788803 -2.167099 3.003001
									CHANNELS 3 Yrotation Xrotation Zrotation
									JOINT mixamorig:RightHandThumb2
									{
										OFFSET -3.675461 -2.122025 2.122028
										CHANNELS 3 Yrotation Xrotation Zrotation
										JOINT mixamorig:RightHandThumb3
										{
											OFFSET -3.394363 -1.959732 1.959735
											CHANNELS 3 Yrotation Xrotation Zrotation
											End Site
											{
												OFFSET -2.679413 -1.546967 1.546959
											}
										}
									}
								}
								JOINT mixamorig:RightHandIndex1
								{
									OFFSET -12.266602 -0.231796 2.822000
									CHANNELS 3 Yrotation Xrotation Zrotation
									JOINT mixamorig:RightHandIndex2
									{
										OFFSET -3.891998 0.000000 0.000000
										CHANNELS 3 Yrotation Xrotation Zrotation
										JOINT mixamorig:RightHandIndex3
										{
											OFFSET -3.415207 0.000000 0.000000
											CHANNELS 3 Yrotation Xrotation Zrotation
											End Site
											{
												OFFSET -3.077995 0.000000 0.000000
											}
										}
									}
								}
								JOINT mixamorig:RightHandMiddle1
								{
									OFFSET -12.775505 0.000000 -0.000000
									CHANNELS 3 Yrotation Xrotation Zrotation
									JOINT mixamorig:RightHandMiddle2
									{
										OFFSET -3.613998 0.000000 0.000000
										CHANNELS 3 Yrotation Xrotation Zrotation
										JOINT mixamorig:RightHandMiddle3
										{
											OFFSET -3.459793 0.000000 0.000000
											CHANNELS 3 Yrotation Xrotation Zrotation
											End Site
											{
												OFFSET -3.680214 0.000000 0.000000
											}
										}
									}
								}
								JOINT mixamorig:RightHandRing1
								{
									OFFSET -12.147003 0.009995 -2.216600
									CHANNELS 3 Yrotation Xrotation Zrotation
									JOINT mixamorig:RightHandRing2
									{
										OFFSET -3.601196 0.000000 0.000000
										CHANNELS 3 Yrotation Xrotation Zrotation
										JOINT mixamorig:RightHandRing3
										{
											OFFSET -3.307304 0.000000 0.000000
											CHANNELS 3 Yrotation Xrotation Zrotation
											End Site
											{
												OFFSET -3.660103 0.000000 0.000000
											}
										}
									}
								}
								JOINT mixamorig:RightHandPinky1
								{
									OFFSET -10.908203 -0.226105 -4.725801
									CHANNELS 3 Yrotation Xrotation Zrotation
									JOINT mixamorig:RightHandPinky2
									{
										OFFSET -4.136703 0.000000 0.000000
										CHANNELS 3 Yrotation Xrotation Zrotation
										JOINT mixamorig:RightHandPinky3
										{
											OFFSET -2.594803 0.000000 0.000000
											CHANNELS 3 Yrotation Xrotation Zrotation
											End Site
											{
												OFFSET -2.923904 0.000000 0.000000
											}
										}
									}
								}
							}
						}
					}
				}
			}
		}
	}
	JOINT mixamorig:LeftUpLeg
	{
		OFFSET 9.124481 -6.656403 -0.055368
		CHANNELS 3 Yrotation Xrotation Zrotation
		JOINT mixamorig:LeftLeg
		{
			OFFSET 0.244688 -40.595383 -0.515629
			CHANNELS 3 Yrotation Xrotation Zrotation
			JOINT mixamorig:LeftFoot
			{
				OFFSET -0.244684 -42.047905 -2.059130
				CHANNELS 3 Yrotation Xrotation Zrotation
				JOINT mixamorig:LeftToeBase
				{
					OFFSET 0.373535 -7.208565 13.966596
					CHANNELS 3 Yrotation Xrotation Zrotation
					End Site
					{
						OFFSET -0.142057 -0.175231 9.997458
					}
				}
			}
		}
	}
	JOINT mixamorig:RightUpLeg
	{
		OFFSET -9.124419 -6.656395 -0.055432
		CHANNELS 3 Yrotation Xrotation Zrotation
		JOINT mixamorig:RightLeg
		{
			OFFSET -0.244683 -40.595413 -0.514284
			CHANNELS 3 Yrotation Xrotation Zrotation
			JOINT mixamorig:RightFoot
			{
				OFFSET 0.244687 -42.047836 -2.060526
				CHANNELS 3 Yrotation Xrotation Zrotation
				JOINT mixamorig:RightToeBase
				{
					OFFSET -0.373540 -7.208565 13.966594
					CHANNELS 3 Yrotation Xrotation Zrotation
					End Site
					{
						OFFSET 0.141792 -0.175015 9.997463
					}
				}
			}
		}
	}
}
MOTION
Frames: 29
Frame Time: 0.033333
0.230493 98.996155 -0.177004 6.521884 -3.737851 -3.165960 1.537430 3.302476 2.569488 0.339526 1.151868 1.559625 0.361614 1.125991 1.562995 -0.079345 5.626300 0.446905 1.387796 -7.561150 -0.263213 -17.443738 0.996389 -12.632407 -20.032320 3.679910 -71.105958 -1.459361 -0.000003 0.000000 -1.631520 -33.219687 -5.292617 2.160494 -0.662564 4.807496 25.903684 10.691539 22.206762 3.640348 -13.788177 8.172899 -0.969585 0.019855 -7.593865 1.753181 0.267813 -17.370383 0.821239 0.057715 -8.040020 2.665763 -0.076246 -15.700387 1.755491 0.268545 -17.393934 1.853666 0.300232 -18.400277 3.641770 0.136612 -21.124827 2.094829 0.386340 -20.897777 1.800651 0.282897 -17.856107 5.556633 0.923337 -27.038224 1.755848 0.268650 -17.397632 1.667714 0.241804 -16.498853 15.346890 1.160273 15.024408 28.185110 11.643892 64.957790 6.693774 -0.000003 0.000014 -0.547707 -20.178191 6.971728 -0.174603 -1.665289 -4.213965 -30.442546 11.004405 -22.532434 -3.698739 -15.531087 -11.711498 1.261348 0.030282 6.823971 -1.396029 0.213646 17.401833 -0.653844 0.046017 8.052714 -2.205102 -0.136136 15.004148 -1.398348 0.214368 17.431647 -1.476523 0.239668 18.440095 -3.071030 0.028790 20.449808 -1.668279 0.308294 20.939559 -1.434049 0.225733 17.891433 -4.891904 0.733595 26.410204 -1.398350 0.214366 17.431696 -1.328179 0.192931 16.531341 14.941800 -10.836892 7.436336 2.093424 13.084475 4.678420 0.551507 0.835376 -7.263290 -0.000002 -4.928527 -0.000004 -10.344463 1.465078 3.242999 -9.800055 6.078294 -4.325581 -1.629325 -3.389404 3.150721 0.000002 -7.293326 -0.000001 
0.823304 98.789925 -0.541770 4.296257 -3.543396 -3.171998 1.312596 3.421164 2.363665 0.185063 1.248262 1.554254 0.205255 1.218447 1.598669 -0.723393 5.507737 0.718649 -0.737608 -7.920428 0.551309 -17.509320 1.053294 -12.403713 -20.100618 4.346451 -70.869783 -1.749961 -0.000007 0.000003 -1.527386 -33.565899 -5.239484 2.160496 -0.662566 4.807495 25.794098 10.680980 22.194915 3.654154 -13.784712 8.173210 -0.997061 -0.004166 -7.620124 1.753182 0.267817 -17.370399 0.821237 0.057707 -8.040022 2.658781 -0.081142 -15.822900 1.755494 0.268544 -17.393922 1.853666 0.300243 -18.400277 3.639248 0.134345 -21.202114 2.091830 0.385210 -20.866491 1.797594 0.281900 -17.824852 5.492637 0.874524 -27.118803 1.773275 0.274146 -17.575810 1.685030 0.246958 -16.675198 15.445682 1.132365 15.160565 26.153974 10.185941 63.739551 7.611358 -0.000008 0.000006 1.491380 -18.829093 4.465919 -0.174605 -1.665291 -4.213967 -30.435391 10.840329 -22.474285 -3.771791 -15.517650 -11.708254 1.269214 0.020484 6.948631 -1.397498 0.214099 17.420790 -0.655368 0.046233 8.071689 -2.153951 -0.153188 15.142073 -1.399360 0.214686 17.444585 -1.477551 0.240012 18.453407 -3.083283 0.031803 20.542294 -1.670714 0.309224 20.971374 -1.436514 0.226533 17.923262 -4.854487 0.715630 26.476216 -1.399784 0.214837 17.450064 -1.329603 0.193365 16.549584 14.614916 -11.928078 7.279068 4.189880 15.394512 5.294069 1.104548 -0.415798 -7.210042 0.000001 -4.928524 -0.000000 -10.406514 -1.069452 2.832561 -7.685892 9.675264 -4.409235 -1.677177 -4.548032 3.499778 0.000003 -7.293320 0.000002 
2.228529 98.403862 -1.297250 2.196534 -3.296278 -3.173824 1.133404 3.552698 2.075349 0.068673 1.348175 1.434948 0.095217 1.314378 1.601760 -1.985997 5.683455 1.158487 -4.082466 -7.718009 1.832687 -17.534475 1.112356 -12.181431 -19.773213 5.111334 -70.474595 -2.201962 -0.000010 -0.000009 -1.220280 -33.958686 -5.096125 2.160497 -0.662566 4.807499 25.972351 10.710206 22.174552 3.638435 -13.788649 8.172862 -0.986923 -0.013852 -7.704460 1.753239 0.267836 -17.370990 0.821300 0.057717 -8.040617 2.700779 -0.069379 -15.823960 1.755419 0.268520 -17.393166 1.853576 0.300213 -18.399379 3.606506 0.120766 -21.255940 2.095353 0.386555 -20.903249 1.801184 0.283055 -17.861626 5.388407 0.794263 -27.258491 1.756526 0.268871 -17.404492 1.667904 0.241857 -16.500904 15.561222 1.101617 15.309128 22.223714 8.050584 62.378595 8.636632 -0.000001 0.000004 3.974873 -14.729308 2.440360 -0.174601 -1.665287 -4.213964 -30.421608 10.910780 -22.488700 -3.728221 -15.519575 -11.721904 1.244976 0.028964 7.003180 -1.396279 0.213699 17.405062 -0.654112 0.046071 8.055934 -2.126802 -0.161869 15.196647 -1.400250 0.214953 17.456119 -1.478477 0.240326 18.465114 -3.115751 0.042681 20.620655 -1.672007 0.309717 20.988487 -1.437826 0.226956 17.940233 -4.890956 0.734279 26.517725 -1.398385 0.214388 17.432065 -1.328209 0.192946 16.531703 13.467929 -13.842393 6.426551 6.385654 19.106274 6.364381 2.520009 -2.265714 -6.863021 0.000006 -4.928536 -0.000004 -3.738282 -5.866662 0.246548 -10.452027 16.878413 -2.689931 -5.167652 -5.609005 4.202994 0.000001 -7.564949 0.000001 
4.094150 98.126816 -1.940341 0.163902 -3.022061 -3.165407 0.966742 3.681343 2.023857 -0.072618 1.455356 1.224991 -0.030087 1.418154 1.581903 -3.600779 6.148445 1.627474 -8.095625 -6.975182 3.286312 -17.497186 1.156832 -12.006442 -19.107874 5.915372 -69.936165 -2.747472 -0.000001 0.000015 -0.621584 -34.433603 -4.931053 2.160496 -0.662566 4.807495 26.025585 10.750327 22.165801 3.638716 -13.788591 8.172886 -0.968112 -0.016737 -7.814677 1.744786 0.265198 -17.284566 0.812523 0.056479 -7.954173 2.730960 -0.063642 -15.942565 1.758422 0.269466 -17.423872 1.856555 0.301205 -18.429928 3.588305 0.111354 -21.386883 2.096010 0.386802 -20.910056 1.801854 0.283275 -17.868475 5.332385 0.750637 -27.343050 1.751570 0.267314 -17.353854 1.662769 0.240340 -16.448614 15.618397 1.083074 15.398708 16.988601 5.534282 61.192553 9.923211 -0.000001 0.000010 6.576946 -8.671355 0.993699 -0.174601 -1.665290 -4.213967 -30.689222 11.332195 -22.708576 -3.468424 -15.525268 -11.779460 1.178039 0.043800 7.235838 -1.395770 0.213571 17.398389 -0.653566 0.045985 8.049268 -2.251229 -0.135364 15.494913 -1.401455 0.215346 17.471598 -1.479609 0.240695 18.480026 -3.174801 0.062120 20.800458 -1.672978 0.310092 21.001129 -1.438790 0.227270 17.952701 -4.957408 0.773488 26.618979 -1.399077 0.214603 17.440953 -1.328918 0.193164 16.540784 11.769313 -15.081654 5.167452 8.742401 21.612155 7.712837 4.556301 -3.657484 -6.495247 0.000014 -4.928529 0.000002 -0.362005 -9.470321 -1.806895 -10.943616 23.692137 -2.337879 -11.702413 -5.623976 5.069625 -0.000004 -7.078337 0.000001 
6.080978 98.134796 -2.535867 -1.857748 -2.745708 -3.243498 0.797123 3.779966 2.428738 -0.268700 1.557358 0.984095 -0.201028 1.517834 1.586246 -5.340541 6.764380 2.019507 -12.307554 -5.564812 4.529110 -17.415956 1.180449 -11.912371 -18.348029 6.769441 -69.286224 -3.327518 0.000007 -0.000017 0.298283 -34.954845 -4.778186 2.160494 -0.662565 4.807496 26.114675 10.792932 22.159131 3.622377 -13.792659 8.172547 -0.956815 -0.018354 -7.910007 1.752728 0.267667 -17.365720 0.820767 0.057653 -8.035351 2.693976 -0.075462 -15.999409 1.756873 0.268975 -17.408086 1.855048 0.300701 -18.414448 3.612140 0.120706 -21.384375 2.095820 0.386709 -20.908085 1.801661 0.283218 -17.866489 5.301659 0.727081 -27.360934 1.772201 0.273817 -17.564815 1.683411 0.246466 -16.658691 15.562866 1.091442 15.361304 11.339673 3.256329 60.466818 11.639886 -0.000006 -0.000000 8.991918 -2.143876 -0.037319 -0.174596 -1.665288 -4.213964 -31.304755 11.840605 -23.094092 -2.593653 -14.961132 -12.192840 0.973598 0.096924 7.913630 -1.398790 0.214498 17.437265 -0.656703 0.046431 8.088149 -2.521178 -0.075234 16.228058 -1.407407 0.217207 17.548136 -1.485454 0.242675 18.555612 -3.337807 0.118037 21.271646 -1.674622 0.310712 21.022643 -1.440429 0.227810 17.973672 -5.170428 0.913777 26.918274 -1.400862 0.215164 17.463981 -1.330771 0.193712 16.564416 10.975147 -15.465070 3.794121 9.688575 22.150698 8.410081 7.004107 -4.099420 -5.826351 -0.000001 -4.928524 0.000002 -0.645072 -10.329555 -3.394544 -11.182013 25.506561 -1.266443 -16.665979 -5.189348 3.947909 0.000020 -7.332963 -0.000001 
7.753198 98.210281 -3.074400 -3.932304 -2.492254 -3.327697 0.600799 3.808038 2.947185 -0.499674 1.600715 0.719137 -0.400380 1.559506 1.612456 -6.960339 7.368760 2.238554 -16.299394 -3.667228 5.415963 -17.340143 1.183528 -11.900681 -17.693805 7.680543 -68.573153 -3.891788 0.000015 -0.000016 1.454115 -35.354466 -4.571073 2.160494 -0.662563 4.807494 26.218767 10.798563 22.148242 3.628702 -13.791086 8.172691 -0.958951 -0.015095 -7.901831 1.753781 0.268008 -17.376469 0.821855 0.057798 -8.046113 2.737225 -0.061269 -15.917302 1.759351 0.269743 -17.433339 1.857470 0.301514 -18.439378 3.579844 0.107221 -21.432732 2.092026 0.385284 -20.868420 1.797787 0.281960 -17.826874 5.244823 0.683073 -27.411754 1.773340 0.274162 -17.576459 1.684391 0.246764 -16.668730 15.415527 1.124225 15.206060 5.891971 1.797272 60.249543 13.853280 -0.000001 -0.000004 11.054848 3.597183 -0.793479 -0.174605 -1.665289 -4.213964 -31.328691 11.835044 -23.100726 -2.290090 -14.629126 -12.381273 0.931199 0.099777 8.136278 -1.397818 0.214211 17.424905 -0.655707 0.046285 8.075805 -2.602917 -0.054578 16.388482 -1.409317 0.217839 17.572736 -1.487333 0.243286 18.579950 -3.381934 0.133564 21.406361 -1.674393 0.310621 21.019735 -1.440188 0.227725 17.970629 -5.263494 0.976088 27.008750 -1.399589 0.214772 17.447561 -1.329498 0.193323 16.548210 11.240163 -15.635739 2.587446 9.124842 22.100301 8.463267 9.736749 -4.167279 -5.122621 -0.000002 -4.928535 -0.000003 -2.136899 -10.426939 -4.760124 -11.246847 26.064179 0.933758 -20.952743 -4.947266 2.313107 0.000000 -7.751751 -0.000000 
8.999619 98.163307 -3.479569 -6.120635 -2.286219 -3.394781 0.344015 3.736001 3.172314 -0.748236 1.544503 0.398310 -0.613825 1.501333 1.619863 -8.193573 7.849649 2.308015 -19.587166 -1.859961 5.999563 -17.290819 1.173732 -11.941927 -17.144898 8.555825 -67.853640 -4.436557 0.000000 -0.000012 2.660236 -35.413035 -4.182730 2.160499 -0.662566 4.807494 26.153288 10.811451 22.138375 3.617450 -13.793886 8.172448 -0.965837 -0.025721 -7.949444 1.753685 0.267966 -17.375516 0.821768 0.057795 -8.045188 2.745550 -0.060997 -16.007732 1.761262 0.270347 -17.452969 1.859380 0.302159 -18.459011 3.563622 0.100592 -21.448295 2.095393 0.386567 -20.903601 1.801230 0.283075 -17.862070 5.198205 0.646121 -27.486382 1.772226 0.273814 -17.565047 1.683130 0.246382 -16.655867 15.234819 1.163914 15.014093 0.602408 1.228428 60.380102 16.443127 -0.000001 0.000024 12.958641 8.384045 -1.215566 -0.174605 -1.665291 -4.213967 -31.230722 11.855594 -23.078770 -2.156015 -14.441624 -12.453829 0.899082 0.110475 8.227889 -1.397539 0.214109 17.421263 -0.655424 0.046257 8.072162 -2.649258 -0.041856 16.435742 -1.408474 0.217543 17.561948 -1.486489 0.243012 18.568964 -3.405971 0.141327 21.544182 -1.674040 0.310500 21.015075 -1.439826 0.227598 17.965901 -5.297528 0.999152 27.062231 -1.399048 0.214588 17.440680 -1.328987 0.193178 16.541531 11.491997 -16.039716 1.704204 8.478037 22.607841 8.566422 12.623299 -4.424460 -4.826345 0.000008 -4.928536 -0.000000 -6.791812 -10.171583 -4.939291 -9.866569 26.999499 4.722355 -24.138631 -6.598498 0.328692 -0.000014 -8.895938 -0.000008 
9.990545 98.019165 -3.781006 -8.482859 -2.151658 -3.448274 0.111492 3.570395 3.169472 -0.960898 1.400358 0.017183 -0.788595 1.355541 1.593974 -8.837076 8.116615 2.302911 -21.752247 -0.647849 6.452219 -17.226739 1.158177 -12.007176 -16.610364 9.292685 -67.171844 -5.068090 0.000013 -0.000007 3.692994 -35.000871 -3.576643 2.160497 -0.662566 4.807499 26.004373 10.761020 22.100908 3.618272 -13.793677 8.172464 -0.990691 -0.062612 -8.081650 1.754179 0.268121 -17.380552 0.822275 0.057860 -8.050212 2.751415 -0.061879 -16.117718 1.766007 0.271849 -17.501518 1.864107 0.303724 -18.507540 3.526966 0.082933 -21.617516 2.095975 0.386781 -20.909712 1.801839 0.283274 -17.868279 5.084180 0.554713 -27.675447 1.771819 0.273673 -17.560903 1.682370 0.246157 -16.648070 15.058523 1.197468 14.849432 -4.782362 1.191005 60.660850 19.162446 -0.000001 0.000005 14.958321 12.646333 -1.058276 -0.174598 -1.665289 -4.213964 -30.916465 11.922430 -23.005438 -1.864558 -14.031832 -12.605780 0.812823 0.144369 8.433257 -1.396122 0.213684 17.403103 -0.653946 0.046035 8.053977 -2.800116 -0.001045 16.663385 -1.407016 0.217105 17.543220 -1.485009 0.242496 18.549906 -3.413168 0.142713 21.667836 -1.673947 0.310464 21.013883 -1.439731 0.227576 17.964724 -5.397996 1.053348 27.070784 -1.400125 0.214933 17.454504 -1.330103 0.193512 16.555974 11.552083 -16.594242 1.068574 8.236517 23.577147 8.843372 15.485367 -4.860438 -4.873675 0.000003 -4.928525 0.000002 -10.160731 -9.684224 -4.300292 -11.392470 28.399587 4.959658 -27.305667 -7.470155 1.689651 0.000021 -10.134683 0.000001 
10.738275 97.844643 -4.072646 -11.079422 -2.111942 -3.461266 0.023159 3.367736 3.118402 -1.062927 1.223396 -0.390160 -0.851605 1.177764 1.558806 -9.193475 8.232016 2.298962 -23.303700 0.190749 6.966724 -17.083396 1.138638 -12.089278 -16.018600 9.930152 -66.544880 -5.933324 0.000005 -0.000011 4.349414 -34.157544 -2.825238 2.160497 -0.662563 4.807499 25.642350 10.770027 22.041429 3.622831 -13.792523 8.172563 -0.998042 -0.098641 -8.301619 1.755726 0.268591 -17.396355 0.823884 0.058112 -8.066044 2.733830 -0.068783 -16.196441 1.766022 0.271861 -17.501608 1.864130 0.303730 -18.507820 3.471121 0.058243 -21.743653 2.092794 0.385579 -20.876523 1.798603 0.282218 -17.835209 5.034218 0.511797 -27.846548 1.773516 0.274203 -17.578177 1.683882 0.246611 -16.663537 14.914015 1.224384 14.715658 -10.228470 1.289361 60.975175 21.749820 0.000006 0.000025 17.015784 16.571499 0.026173 -0.174598 -1.665289 -4.213963 -30.730008 11.963099 -22.958791 -1.749505 -13.872848 -12.663984 0.797658 0.150990 8.490031 -1.398203 0.214331 17.429876 -0.656100 0.046358 8.080744 -2.870767 0.019604 16.691302 -1.407781 0.217341 17.553069 -1.485771 0.242780 18.559668 -3.429416 0.149156 21.668244 -1.673691 0.310355 21.010522 -1.439469 0.227489 17.961296 -5.433916 1.073588 27.037709 -1.400274 0.214985 17.456516 -1.330301 0.193578 16.558375 11.804455 -17.118706 0.655715 8.213980 24.612938 9.129083 18.134840 -5.265188 -5.110881 0.000001 -4.928535 0.000000 -11.705565 -9.593501 -3.827616 -11.683585 30.320316 4.140776 -30.208629 -6.689895 5.499589 0.000033 -11.069713 -0.000010 
11.253600 97.695953 -4.392233 -13.966553 -2.188964 -3.454867 -0.034013 3.204819 3.070264 -1.145593 1.073246 -0.787077 -0.895756 1.027096 1.538594 -9.308182 8.249652 2.323257 -24.142516 0.688714 7.484928 -16.850203 1.117118 -12.181465 -15.354520 10.617640 -65.966083 -7.019541 -0.000007 -0.000001 4.554826 -33.072988 -1.958252 2.160499 -0.662565 4.807497 25.255941 10.688594 22.019171 3.624959 -13.792012 8.172601 -1.025394 -0.106936 -8.212087 1.746588 0.265768 -17.302980 0.814402 0.056759 -7.972616 2.692907 -0.079656 -16.159930 1.767168 0.272214 -17.513356 1.865305 0.304125 -18.519853 3.488011 0.066290 -21.679972 2.091668 0.385140 -20.864768 1.797456 0.281842 -17.823396 5.098650 0.561788 -27.826513 1.752234 0.267522 -17.360640 1.662687 0.240304 -16.447789 14.828103 1.246658 14.603201 -15.472185 1.318899 61.337127 23.931876 0.000002 0.000004 18.985194 20.111538 2.135889 -0.174594 -1.665290 -4.213960 -30.570612 12.000848 -22.910737 -1.699592 -13.759811 -12.679133 0.810833 0.146976 8.444575 -1.397650 0.214154 17.422669 -0.655522 0.046247 8.073535 -2.909746 0.032052 16.631550 -1.406931 0.217072 17.542170 -1.484926 0.242488 18.548697 -3.453128 0.158154 21.703966 -1.671873 0.309660 20.986601 -1.437611 0.226903 17.937322 -5.472349 1.095528 27.023406 -1.398532 0.214430 17.434000 -1.328563 0.193065 16.536226 12.372396 -17.469920 0.533936 8.470879 25.455232 9.360646 20.387478 -5.536188 -5.439486 0.000014 -4.928535 -0.000000 -13.601089 -9.321138 -3.832308 -11.808904 31.100952 3.816309 -30.139050 -5.915984 8.383553 0.000018 -12.341252 0.000001 
11.519262 97.638573 -4.829027 -17.618143 -2.559752 -3.331132 -0.216565 3.075436 3.083291 -1.332408 0.944713 -1.182782 -1.044270 0.898134 1.510577 -9.208336 8.258467 2.345027 -24.327857 0.928013 7.900206 -16.599848 1.101517 -12.250541 -14.674911 11.413655 -65.407893 -8.080240 0.000005 -0.000022 4.544704 -31.928276 -0.988567 2.160499 -0.662567 4.807494 24.737786 10.891176 21.994807 3.604617 -13.797090 8.172160 -0.988726 -0.082742 -8.238619 1.745799 0.265516 -17.294915 0.813577 0.056633 -7.964529 2.742501 -0.061891 -16.008828 1.763486 0.271061 -17.475765 1.861597 0.302879 -18.481780 3.472738 0.060945 -21.647929 2.091281 0.384983 -20.860702 1.797059 0.281738 -17.819337 5.079879 0.551362 -27.737156 1.764546 0.271373 -17.486408 1.675028 0.243977 -16.573268 14.788126 1.260017 14.535010 -20.290950 1.272532 61.829365 25.395031 0.000015 0.000010 20.826085 23.336217 4.797416 -0.174603 -1.665288 -4.213963 -30.143688 12.096514 -22.794354 -1.911740 -13.908054 -12.523596 0.839861 0.150096 8.222377 -1.396159 0.213681 17.403423 -0.653970 0.046022 8.054316 -2.919064 0.037460 16.429554 -1.407904 0.217381 17.554715 -1.485889 0.242818 18.561201 -3.373056 0.128694 21.519800 -1.670466 0.309111 20.968112 -1.436187 0.226436 17.919035 -5.467467 1.092724 26.901989 -1.397025 0.213941 17.414699 -1.327077 0.192632 16.517108 13.534576 -17.251449 0.791114 9.325013 25.693450 9.505179 22.056767 -5.516933 -5.773867 0.000005 -4.928536 -0.000001 -16.192560 -8.150904 -4.025135 -11.862105 30.594801 3.836951 -30.098981 -6.446837 9.422816 0.000000 -13.160042 0.000014 
11.444683 97.692307 -5.461975 -21.219490 -3.097769 -3.237630 -0.517034 2.923734 3.087227 -1.600527 0.795741 -1.604537 -1.272951 0.748926 1.437331 -8.975508 8.310510 2.342900 -24.218340 1.075140 8.188927 -16.567087 1.058491 -12.258447 -13.844928 12.122922 -64.759264 -8.798692 -0.000003 0.000016 4.794495 -30.711686 -0.094609 2.160497 -0.662569 4.807492 25.125964 11.093636 22.000825 3.604275 -13.797185 8.172162 -0.932440 -0.057862 -8.368805 1.746216 0.265641 -17.299211 0.814021 0.056702 -7.968863 2.813279 -0.039424 -15.901104 1.763801 0.271144 -17.478852 1.861855 0.302978 -18.484396 3.496091 0.069302 -21.688403 2.095553 0.386635 -20.905348 1.801408 0.283123 -17.863965 5.100799 0.568288 -27.608974 1.768220 0.272545 -17.523959 1.678793 0.245097 -16.611695 14.841842 1.225501 14.498425 -24.616736 1.217720 62.586184 25.903112 -0.000017 0.000007 22.355235 26.275955 7.249045 -0.174600 -1.665289 -4.213965 -29.796195 12.179867 -22.682478 -2.086648 -14.104484 -12.413672 0.889248 0.147990 7.946148 -1.397260 0.214044 17.417611 -0.655117 0.046189 8.068479 -2.878529 0.029599 16.127070 -1.403852 0.216093 17.502450 -1.481846 0.241452 18.508930 -3.302385 0.103622 21.321207 -1.669807 0.308862 20.959482 -1.435543 0.226227 17.910679 -5.477422 1.097299 26.778394 -1.395031 0.213327 17.388963 -1.325086 0.192024 16.491645 15.008939 -16.686070 1.482479 10.357764 25.291943 9.545806 22.947190 -5.070569 -6.039433 0.000004 -4.928537 -0.000001 -19.328083 -6.647254 -3.961163 -11.549476 27.877979 4.489585 -30.195365 -7.906209 7.783551 -0.000019 -10.904792 0.000005 
11.077887 97.757553 -6.259038 -24.508713 -3.542098 -3.317730 -0.731144 2.800782 2.926923 -1.794832 0.672860 -1.961728 -1.429629 0.625555 1.402170 -8.674520 8.334245 2.346425 -24.055803 1.172241 8.360350 -16.889010 0.961344 -12.230154 -12.784058 12.408751 -63.943480 -9.057218 0.000004 -0.000019 5.568079 -29.342759 0.472152 2.160499 -0.662567 4.807496 25.449906 11.148527 22.071753 3.621451 -13.792887 8.172540 -0.876198 0.010073 -8.183291 1.754991 0.268384 -17.388876 0.823125 0.057974 -8.058527 2.785404 -0.041640 -15.642561 1.763658 0.271085 -17.477426 1.861723 0.302939 -18.482977 3.535463 0.088332 -21.513178 2.088670 0.383998 -20.833506 1.794394 0.280882 -17.792001 5.333829 0.752020 -27.308232 1.766312 0.271937 -17.504634 1.677596 0.244734 -16.599455 14.988013 1.128901 14.437128 -28.361751 1.166126 63.616088 25.522050 -0.000006 -0.000009 23.091770 28.712360 9.051299 -0.174608 -1.665287 -4.213960 -28.932914 12.377988 -22.419444 -2.584820 -14.557520 -12.084301 1.043549 0.071403 7.740005 -1.397557 0.214123 17.421524 -0.655433 0.046227 8.072440 -2.936939 0.049386 15.877722 -1.404058 0.216176 17.505107 -1.482041 0.241519 18.511491 -3.199337 0.064486 21.259481 -1.667972 0.308161 20.935300 -1.433702 0.225636 17.886951 -5.682603 1.196082 26.511239 -1.395724 0.213549 17.397924 -1.325905 0.192263 16.502176 17.031106 -16.836830 2.594210 9.977569 25.763578 8.895789 23.118642 -4.953886 -6.075221 0.000004 -5.188767 0.000001 -21.885420 -6.374922 -2.851069 -11.113599 25.752339 5.108341 -30.591540 -10.349439 4.324792 0.000019 -9.408402 0.000001 
10.701181 97.682671 -7.107098 -28.340933 -3.899782 -3.637204 -0.651999 2.799026 2.915840 -1.754516 0.660559 -2.224736 -1.355698 0.612738 1.425668 -8.309617 8.216237 2.303920 -23.852271 1.198037 8.456502 -17.484475 0.820206 -12.248572 -11.573026 12.197771 -62.969365 -9.077992 -0.000010 -0.000015 6.596344 -28.041885 0.700038 2.160499 -0.662566 4.807493 24.940873 11.162635 22.068230 3.616133 -13.794376 8.174929 -0.921494 -0.009878 -8.077893 1.757396 0.269152 -17.413506 0.825611 0.058309 -8.083157 2.769693 -0.044751 -15.583761 1.758645 0.269549 -17.426248 1.856752 0.301274 -18.431846 3.515236 0.081161 -21.474888 2.091394 0.385024 -20.861838 1.797163 0.281771 -17.820384 5.303811 0.727376 -27.403856 1.765370 0.271637 -17.494857 1.676533 0.244413 -16.588626 15.126429 1.015100 14.261048 -31.138505 1.124874 64.797527 24.597256 0.000002 0.000018 22.742658 30.420590 10.240979 -0.174600 -1.665290 -4.213966 -27.546322 12.623708 -22.195186 -2.870799 -14.706326 -11.855768 1.186951 0.007012 7.495593 -1.396052 0.213633 17.402057 -0.653862 0.046023 8.052930 -3.065164 0.087045 15.736162 -1.404246 0.216218 17.507569 -1.482245 0.241593 18.513993 -3.075117 0.021367 20.976424 -1.665654 0.307271 20.904858 -1.431385 0.224885 17.857057 -5.886097 1.289445 26.183723 -1.395714 0.213544 17.397803 -1.326024 0.192315 16.503692 21.580164 -19.997122 4.502535 2.234736 31.315949 3.526299 22.877978 -6.377526 -2.147460 0.000009 -6.448870 0.000002 -23.223615 -6.055244 -1.958731 -10.877363 24.258108 5.620103 -30.728283 -11.295446 1.905634 0.000008 -9.125904 0.000001 
10.383682 97.570847 -7.893430 -33.124597 -4.371338 -3.629376 -0.358678 2.938745 2.766705 -1.538664 0.775852 -2.567415 -1.111258 0.727149 1.321496 -7.862028 7.980680 2.088595 -23.614069 1.111032 8.590993 -18.172102 0.654735 -12.357855 -10.423408 11.866704 -61.829803 -9.210452 -0.000002 -0.000015 7.357839 -27.338220 0.888563 2.160496 -0.662564 4.807495 24.374394 12.062287 21.886173 3.528703 -13.807822 8.203265 -1.090306 -0.053281 -7.475954 1.740057 0.263734 -17.236252 0.807625 0.055799 -7.905841 2.983220 0.003805 -16.159744 1.770096 0.273133 -17.543303 1.868053 0.305050 -18.548203 3.440885 0.032908 -22.336535 2.095312 0.386523 -20.902877 1.801205 0.283066 -17.861730 4.879223 0.376888 -28.266623 1.765708 0.271743 -17.498400 1.675474 0.244100 -16.577784 15.240642 0.918093 13.965285 -32.522147 1.100866 65.992974 23.356803 0.000010 -0.000007 21.596264 31.366947 10.810053 -0.174600 -1.665289 -4.213966 -26.665477 12.813565 -21.937529 -3.073056 -14.790959 -11.688386 1.117874 0.076235 7.271076 -1.397256 0.214024 17.417580 -0.655115 0.046193 8.068456 -3.060952 0.087870 15.511257 -1.401062 0.215214 17.466645 -1.479084 0.240535 18.473068 -2.984720 -0.008624 20.737520 -1.660016 0.305145 20.830899 -1.425678 0.223043 17.783506 -5.659316 1.174215 26.020043 -1.390086 0.211785 17.325384 -1.320278 0.190613 16.430124 25.589553 -23.524795 6.177781 -6.004735 36.993835 -2.997066 20.525832 -5.722200 3.961217 0.000000 -6.868696 -0.000005 -25.376707 -6.001291 -1.398796 -8.683245 23.048760 6.436292 -30.706492 -11.086907 0.031042 -0.000006 -9.058792 0.000004 
10.053085 97.567184 -8.550331 -38.974719 -4.951290 -3.132696 -0.001243 3.143272 2.308658 -1.262434 0.954527 -3.001774 -0.812439 0.906924 1.064686 -7.309216 7.767548 1.810112 -23.144303 0.806211 8.897313 -18.660464 0.515753 -12.493796 -9.525024 11.706610 -60.636213 -9.495922 0.000003 -0.000008 7.627784 -27.474598 1.323555 2.160496 -0.662571 4.807492 24.255528 12.101874 21.789659 3.505007 -13.708065 8.242882 -0.898221 -0.069781 -8.646501 1.745837 0.265527 -17.295320 0.813607 0.056621 -7.964903 3.013199 0.009755 -16.304198 1.769624 0.272992 -17.538454 1.867571 0.304907 -18.543311 3.454198 0.032025 -22.608054 2.096139 0.386842 -20.911442 1.802025 0.283337 -17.870326 4.836451 0.339763 -28.356715 1.762827 0.270848 -17.468827 1.672390 0.243175 -16.546596 15.388701 0.836951 13.721748 -32.289470 1.015884 66.985728 21.758587 0.000004 -0.000014 20.030804 31.459592 10.204505 -0.174605 -1.665286 -4.213965 -26.816928 12.794825 -21.936834 -3.066594 -14.781701 -11.692040 1.063084 0.122464 7.170648 -1.397278 0.214016 17.417807 -0.655139 0.046223 8.068689 -2.941276 0.055760 15.418998 -1.400176 0.214937 17.455288 -1.478195 0.240231 18.461643 -2.996440 -0.001486 20.591699 -1.659584 0.304953 20.825218 -1.425226 0.222902 17.777668 -5.549602 1.122237 26.040923 -1.390022 0.211778 17.324585 -1.320168 0.190564 16.428739 26.314006 -26.431965 7.393557 -8.204295 42.906060 -5.733911 15.874876 -0.733366 8.537660 0.415658 -9.508122 -5.595255 -26.711634 -6.179016 -0.881679 -5.885949 22.299950 6.453736 -30.620407 -10.630465 -0.827822 0.000039 -9.264209 0.000001 
9.731436 97.771965 -8.956185 -46.143891 -5.349333 -2.309187 0.376420 3.280262 1.692525 -0.952569 1.081647 -3.380055 -0.484373 1.038513 0.790565 -6.636818 7.638411 1.673163 -22.071148 0.269222 9.253014 -18.686061 0.479300 -12.575042 -8.924271 11.492135 -59.702192 -9.568238 0.000003 0.000000 7.651737 -28.064303 1.819837 2.160492 -0.662564 4.807497 24.942531 12.002871 21.910813 3.559456 -13.792648 8.196524 -0.829287 -0.044946 -8.852831 1.749271 0.266610 -17.330444 0.817187 0.057121 -8.000063 2.966338 0.000459 -16.082288 1.766603 0.272035 -17.507547 1.864583 0.303891 -18.512454 3.480134 0.049402 -22.316151 2.096050 0.386812 -20.910593 1.801946 0.283306 -17.869334 5.051691 0.517462 -28.052774 1.778927 0.275921 -17.633716 1.689306 0.248234 -16.718635 15.578615 0.774498 13.700635 -30.557054 0.734364 67.627363 19.800370 -0.000023 0.000022 17.931033 30.316689 7.733518 -0.174603 -1.665291 -4.213961 -27.927721 12.573345 -22.204276 -2.742828 -14.521378 -11.919668 0.982902 0.159696 7.303591 -1.398652 0.214462 17.435552 -0.656561 0.046399 8.086419 -2.867427 0.034375 15.506319 -1.398673 0.214484 17.435914 -1.476702 0.239725 18.442305 -3.146146 0.051612 20.777702 -1.662912 0.306235 20.868840 -1.428557 0.223978 17.820539 -5.564628 1.134383 26.186510 -1.392974 0.212706 17.362542 -1.323154 0.191447 16.466876 26.135973 -27.080266 7.871171 -12.737570 44.808694 -9.388221 12.873290 4.467991 8.202413 1.430848 -13.074435 -10.378485 -27.207336 -6.005438 -0.331334 -2.417421 20.708871 6.616375 -30.513409 -10.513335 -2.584427 -0.000005 -9.298319 0.000007 
9.416870 98.043198 -9.002131 -54.126264 -5.562093 -1.620137 0.648721 3.420957 1.418729 -0.710680 1.205407 -3.539678 -0.233552 1.165448 0.649267 -5.880198 7.468414 1.587849 -20.375576 -0.397968 9.167763 -18.226015 0.560444 -12.631796 -8.716157 10.873865 -59.272737 -9.098632 -0.000003 -0.000002 7.794253 -28.618604 1.735840 2.160496 -0.662565 4.807495 25.081747 11.712122 22.029114 3.597271 -13.797434 8.182644 -0.866643 0.022113 -8.146563 1.748823 0.266443 -17.325784 0.816726 0.057070 -7.995428 2.882596 -0.015566 -15.689342 1.759097 0.269666 -17.430658 1.857119 0.301396 -18.435734 3.555654 0.090307 -21.819464 2.095780 0.386708 -20.907761 1.801631 0.283198 -17.866313 5.406471 0.804195 -27.466282 1.782174 0.276965 -17.666834 1.693675 0.249556 -16.763111 15.698761 0.766426 13.864595 -27.566671 0.279624 67.958845 17.632639 -0.000018 0.000018 15.137499 27.390770 3.639807 -0.174605 -1.665294 -4.213971 -28.736160 12.421890 -22.361676 -3.167288 -15.171705 -11.730578 1.057708 0.133772 7.108186 -1.396407 0.213751 17.406708 -0.654242 0.046075 8.057606 -2.665466 -0.018788 15.341655 -1.398196 0.214327 17.429712 -1.476239 0.239582 18.436347 -3.150616 0.053058 20.794554 -1.664369 0.306778 20.888009 -1.430042 0.224445 17.839696 -5.473657 1.093547 26.338027 -1.393585 0.212871 17.370441 -1.323742 0.191631 16.474379 24.771848 -25.806034 8.237744 -13.358892 43.295507 -10.111853 10.917909 7.169042 4.979540 1.668497 -16.983738 -8.065792 -27.258513 -5.316113 0.200538 1.428679 18.374102 6.856638 -29.767491 -9.919813 -4.256436 0.000018 -9.306256 -0.000002 
9.008138 98.331032 -8.700104 -62.216521 -5.760805 -1.032964 0.858598 3.641986 1.425549 -0.607910 1.389219 -3.541399 -0.141521 1.350118 0.557468 -5.101059 7.182220 1.384881 -18.353847 -1.053318 8.410001 -17.634445 0.680461 -12.736736 -9.160777 9.979974 -59.328717 -8.216991 -0.000001 -0.000007 7.994835 -29.030049 0.743571 2.160499 -0.662564 4.807497 25.045445 11.589392 22.096215 3.610668 -13.794863 8.179743 -0.885188 0.049120 -7.840597 1.758703 0.269549 -17.426787 0.826951 0.058516 -8.096466 2.833579 -0.024494 -15.458532 1.756983 0.269013 -17.409290 1.855056 0.300705 -18.414482 3.569888 0.101855 -21.511652 2.095782 0.386708 -20.907735 1.801635 0.283209 -17.866212 5.532822 0.904002 -27.214877 1.760974 0.270265 -17.450073 1.672754 0.243286 -16.550295 15.449582 0.894412 14.087034 -23.271237 -0.094052 68.050793 15.375620 0.000001 0.000011 12.133042 22.335209 -0.675534 -0.174601 -1.665284 -4.213964 -28.007455 11.905014 -21.934920 -3.833199 -15.479480 -11.454182 1.251402 0.054697 6.719333 -1.397264 0.214028 17.417597 -0.655107 0.046215 8.068460 -2.561628 -0.040333 14.954790 -1.395241 0.213398 17.391600 -1.473303 0.238587 18.398397 -2.955207 -0.015383 20.511128 -1.662437 0.306045 20.862700 -1.428147 0.223843 17.815389 -5.377152 1.041293 26.150158 -1.392984 0.212690 17.362795 -1.323091 0.191427 16.466104 21.783936 -23.389908 8.821412 -12.402186 39.809221 -9.649438 10.936741 7.165478 2.319570 1.173701 -16.340628 -5.985466 -26.672845 -4.111898 0.522841 5.291377 15.585409 6.878544 -27.510312 -8.848853 -5.545909 -0.000008 -9.068001 0.000003 
8.430781 98.636375 -8.178490 -69.181572 -5.721830 -0.586858 1.026269 3.834192 1.410234 -0.481615 1.550871 -3.485333 -0.052051 1.513169 0.357821 -4.326762 6.833206 1.061397 -16.233483 -1.713608 7.354063 -16.961943 0.840708 -12.960859 -10.462970 9.106451 -59.640877 -7.363396 0.000006 -0.000009 7.734808 -29.366320 -0.649106 2.160494 -0.662564 4.807497 24.921446 11.752060 22.072847 3.598614 -13.798824 8.178437 -0.870960 0.022045 -8.122553 1.760716 0.270171 -17.447418 0.829046 0.058823 -8.117097 2.825751 -0.029323 -15.588517 1.754456 0.268214 -17.383590 1.852567 0.299884 -18.388905 3.555440 0.093644 -21.643608 2.091814 0.385198 -20.866286 1.797590 0.281916 -17.824792 5.469118 0.854131 -27.309511 1.758430 0.269459 -17.423946 1.670009 0.242477 -16.522243 15.045525 1.073651 14.191131 -17.653493 0.025165 67.934373 13.127592 -0.000002 0.000016 9.609476 15.501283 -3.912150 -0.174603 -1.665288 -4.213964 -27.357787 11.586882 -21.609069 -4.119747 -15.468507 -11.361139 1.331819 0.023091 6.554525 -1.396111 0.213670 17.402980 -0.653945 0.046057 8.053851 -2.504367 -0.051236 14.715701 -1.394826 0.213268 17.386438 -1.472904 0.238453 18.393377 -2.880427 -0.041028 20.402050 -1.660174 0.305210 20.832934 -1.425869 0.223093 17.786036 -5.341951 1.019620 25.984181 -1.392551 0.212563 17.357008 -1.322609 0.191281 16.459984 17.651741 -20.621495 9.159315 -11.253229 34.708197 -8.473277 15.785090 6.236958 0.576869 0.668666 -11.752151 -5.782909 -25.276278 -3.499631 0.891226 7.668630 14.048630 6.265528 -25.666698 -7.605713 -5.952649 -0.000014 -9.444400 -0.000005 
7.692523 98.839638 -7.454950 -73.682585 -5.484684 -0.625332 1.157558 3.973906 1.539317 -0.198583 1.668967 -3.289390 0.171369 1.632327 0.159276 -3.571827 6.457087 0.725120 -14.080953 -2.641896 6.315962 -16.770561 0.862856 -13.220770 -12.109093 8.472216 -60.198207 -6.797359 0.000014 -0.000002 6.658916 -29.618805 -1.697534 2.160494 -0.662566 4.807499 25.217929 11.780706 22.070286 3.592511 -13.801104 8.178487 -0.863801 -0.003514 -8.352804 1.751133 0.267169 -17.349423 0.819119 0.057405 -8.019069 2.842842 -0.026983 -15.704461 1.755544 0.268561 -17.394682 1.853650 0.300241 -18.399970 3.535822 0.083327 -21.772990 2.095568 0.386634 -20.905517 1.801424 0.283136 -17.864056 5.414100 0.810686 -27.393355 1.757986 0.269321 -17.419269 1.669479 0.242321 -16.516799 14.411192 1.318250 14.212238 -11.033934 0.712812 67.631311 11.203161 0.000005 0.000009 7.746101 7.888858 -5.968952 -0.174600 -1.665285 -4.213963 -27.170542 11.421938 -21.507600 -4.236647 -15.464554 -11.327135 1.380060 0.002600 6.471016 -1.395908 0.213609 17.400144 -0.653725 0.045996 8.051025 -2.465350 -0.059020 14.585951 -1.391906 0.212338 17.348752 -1.470007 0.237500 18.355773 -2.868551 -0.042246 20.247269 -1.661811 0.305822 20.854376 -1.427527 0.223635 17.807471 -5.300054 0.995552 25.878998 -1.395388 0.213439 17.393510 -1.325430 0.192130 16.496188 13.451113 -18.180427 9.368035 -10.939817 28.073385 -6.850228 18.266953 6.119534 -0.508933 0.147344 -8.394715 -3.413874 -23.466373 -2.952694 1.480487 7.037366 13.190392 4.869977 -23.619470 -6.640367 -5.331695 -0.000005 -9.532112 -0.000004 
6.746007 98.901321 -6.582508 -77.204784 -5.230669 -0.800500 1.168179 4.112208 1.920428 -0.056173 1.759299 -2.927553 0.247946 1.740792 0.037262 -2.857949 6.091975 0.411426 -11.910565 -3.812421 5.263474 -16.942656 0.738445 -13.688631 -13.011816 7.834777 -60.875167 -6.367989 0.000004 -0.000006 5.024039 -29.765415 -2.306177 2.160499 -0.662562 4.807494 25.305023 11.771284 22.089004 3.595891 -13.800491 8.181113 -0.865583 -0.015851 -8.434258 1.751238 0.267210 -17.350461 0.819231 0.057425 -8.020103 2.819983 -0.035660 -15.813893 1.758521 0.269487 -17.424934 1.856600 0.301217 -18.430390 3.518648 0.075714 -21.811881 2.096159 0.386855 -20.911613 1.802030 0.283330 -17.870208 5.442496 0.831968 -27.414370 1.757078 0.269044 -17.409976 1.668530 0.242044 -16.507281 14.047307 1.477285 14.074854 -3.879244 2.127040 67.348097 10.055598 -0.000006 0.000017 6.377664 0.446324 -7.430107 -0.174600 -1.665292 -4.213962 -27.634112 11.230159 -21.603769 -4.233373 -15.471097 -11.365888 1.405048 -0.009458 6.440796 -1.398485 0.214413 17.433406 -0.656405 0.046380 8.084275 -2.382787 -0.079723 14.553241 -1.394101 0.213037 17.377144 -1.472242 0.238252 18.384458 -2.880639 -0.037772 20.244853 -1.662303 0.306003 20.860738 -1.428028 0.223793 17.813832 -5.216401 0.954773 25.988318 -1.395438 0.213463 17.394188 -1.325443 0.192129 16.496314 9.560141 -16.692089 10.404316 -2.409880 22.960420 -4.282498 11.092966 5.894780 -3.788576 0.000003 -8.887878 0.000004 -21.377177 -2.236638 1.999413 4.957582 12.398328 3.215780 -21.202844 -6.359089 -4.358293 -0.000004 -8.966837 -0.000005 
5.588233 98.811699 -5.571163 -80.339164 -4.980037 -1.005021 1.043052 4.206756 2.504586 -0.215200 1.785215 -2.495917 0.032838 1.799246 -0.063975 -2.202815 5.832000 0.138980 -9.743112 -4.876221 4.208700 -17.083227 0.586352 -14.336027 -12.915737 6.883775 -61.653269 -5.765724 0.000002 0.000000 3.367382 -29.865265 -2.956903 2.160498 -0.662567 4.807495 25.344800 11.792399 22.086248 3.589535 -13.801266 8.183731 -0.864829 -0.028905 -8.535233 1.750916 0.267105 -17.347197 0.818888 0.057386 -8.016824 2.805387 -0.041037 -15.873214 1.754697 0.268292 -17.385927 1.852810 0.299967 -18.391498 3.516217 0.072895 -21.901681 2.096095 0.386813 -20.911042 1.801971 0.283317 -17.869687 5.382767 0.784774 -27.486626 1.757064 0.269033 -17.409973 1.667771 0.241816 -16.499468 14.345159 1.435096 13.664262 3.241291 4.142418 67.445099 9.743722 -0.000001 0.000006 5.291645 -6.326024 -8.356122 -0.174600 -1.665287 -4.213968 -27.651418 10.771484 -21.451039 -4.440209 -15.471029 -11.348472 1.457308 -0.023294 6.279475 -1.396596 0.213819 17.409273 -0.654441 0.046093 8.060152 -2.321368 -0.093290 14.444417 -1.393620 0.212880 17.370793 -1.471755 0.238087 18.378352 -2.843106 -0.050804 20.209334 -1.662805 0.306193 20.867505 -1.428564 0.223971 17.820783 -5.221038 0.953884 25.974048 -1.394937 0.213292 17.387736 -1.324924 0.191982 16.489567 6.941132 -15.621572 11.107911 7.261458 19.034446 -1.872763 2.428907 5.149666 -8.431780 -0.000008 -10.609230 0.000006 -19.126712 -2.065214 2.274742 2.306595 12.778147 1.627308 -18.619801 -6.636426 -2.455455 0.000028 -8.006937 -0.000000 
4.313413 98.545364 -4.475862 -83.176527 -4.737152 -1.183619 0.894854 4.181046 3.273838 -0.388749 1.713656 -1.980324 -0.189133 1.748686 -0.102822 -1.617759 5.701179 -0.049317 -7.568095 -5.654397 3.210112 -17.080379 0.480061 -14.929620 -12.704378 5.732212 -62.648401 -4.910580 0.000007 -0.000021 1.900692 -29.975132 -3.868494 2.160497 -0.662567 4.807495 25.541796 11.872789 22.081701 3.576543 -13.802396 8.187402 -0.862117 -0.051920 -8.719852 1.760713 0.270180 -17.447293 0.829046 0.058810 -8.116969 2.817489 -0.040817 -16.020963 1.760502 0.270121 -17.445275 1.858577 0.301882 -18.450786 3.514818 0.069508 -22.037167 2.095821 0.386724 -20.908114 1.801692 0.283225 -17.866796 5.260336 0.687026 -27.651589 1.757067 0.269034 -17.409958 1.667097 0.241612 -16.492605 15.044082 1.285780 13.150256 9.863735 6.314725 67.855525 9.765781 -0.000004 0.000020 4.145322 -12.129321 -7.980715 -0.174596 -1.665288 -4.213966 -27.359443 10.495507 -21.263711 -4.631419 -15.465474 -11.300902 1.535592 -0.051644 6.105227 -1.395807 0.213570 17.398869 -0.653603 0.045986 8.049750 -2.294205 -0.096536 14.269338 -1.391004 0.212070 17.337283 -1.469163 0.237218 18.344877 -2.776579 -0.073512 20.133248 -1.662048 0.305925 20.857634 -1.427835 0.223731 17.811325 -5.231104 0.953769 25.908330 -1.396298 0.213726 17.405223 -1.326275 0.192379 16.506937 5.338516 -13.521866 11.117549 8.886835 13.660612 -0.843592 -5.900609 2.629675 -10.885945 -0.000018 -10.948249 0.000007 -16.528701 -3.133675 2.376553 -1.015160 15.461323 0.047841 -15.988361 -7.955249 -0.595344 0.000005 -7.307715 0.000007 
3.114366 98.373383 -3.391809 -85.807981 -4.505148 -1.499752 0.840720 4.060742 3.733416 -0.236792 1.597392 -1.397514 -0.090451 1.631173 -0.064090 -1.114038 5.636387 -0.152753 -5.415034 -6.194570 2.302138 -16.874935 0.508728 -15.188531 -13.255069 4.722252 -63.933999 -4.001177 0.000002 -0.000014 0.518552 -30.132315 -4.710222 2.160496 -0.662564 4.807495 25.492400 11.910953 22.046859 3.559390 -13.797424 8.195095 -0.858154 -0.078715 -8.938086 1.754016 0.268077 -17.378904 0.822109 0.057828 -8.048584 2.833586 -0.039306 -16.163728 1.761014 0.270277 -17.450536 1.859120 0.302058 -18.456083 3.474039 0.050161 -22.170268 2.095544 0.386615 -20.905163 1.801405 0.283132 -17.863947 5.096983 0.553271 -27.932057 1.757060 0.269030 -17.409959 1.666515 0.241439 -16.486755 15.900692 1.088690 12.717888 15.771059 8.277816 68.359607 9.591612 -0.000006 -0.000017 2.655104 -16.587347 -5.644437 -0.174601 -1.665287 -4.213962 -26.955473 10.294280 -21.076738 -4.809768 -15.457698 -11.243425 1.598507 -0.065358 5.892013 -1.397047 0.213947 17.414913 -0.654899 0.046175 8.065770 -2.273675 -0.097849 14.086374 -1.388419 0.211257 17.303943 -1.466583 0.236359 18.311587 -2.707520 -0.096074 20.019884 -1.660370 0.305272 20.835499 -1.426146 0.223196 17.789622 -5.214710 0.939407 25.820279 -1.393807 0.212957 17.373343 -1.323764 0.191632 16.474761 8.263995 -13.577088 9.264964 8.919260 14.059734 2.428142 -10.061376 0.020793 -9.292320 0.000006 -8.069230 -0.000007 -14.114349 -3.570025 2.612090 -5.028973 16.703982 -2.000658 -12.634533 -8.613117 0.927328 -0.000020 -6.824435 0.000002 
2.072407 98.481354 -2.382724 -88.325732 -4.286580 -1.883564 0.964884 3.922160 3.700844 0.258809 1.520504 -0.527182 0.352656 1.534435 0.304882 -0.708767 5.637188 -0.139668 -3.337343 -6.561425 1.571734 -17.563550 0.241679 -15.423318 -14.074365 4.356114 -65.506384 -3.215582 0.000010 0.000005 -0.716624 -30.505848 -5.167940 2.160494 -0.662567 4.807497 25.005620 11.988129 21.940166 3.512556 -13.702385 8.241529 -0.851819 -0.130156 -9.346486 1.752573 0.267637 -17.364241 0.820614 0.057622 -8.033884 2.863548 -0.035239 -16.376104 1.762404 0.270711 -17.464611 1.860459 0.302511 -18.470122 3.413201 0.018317 -22.473928 2.095456 0.386587 -20.904475 1.801380 0.283120 -17.863474 4.840918 0.337915 -28.379737 1.757057 0.269030 -17.409969 1.666060 0.241304 -16.481981 15.915855 1.223583 12.027037 21.188333 9.597619 68.731121 9.037752 0.000007 0.000013 1.061164 -19.375776 -1.782781 -0.174600 -1.665292 -4.213965 -26.678645 10.205828 -20.977447 -4.909858 -15.451951 -11.203441 1.620670 -0.067385 5.794407 -1.397051 0.213959 17.414909 -0.654896 0.046169 8.065769 -2.246889 -0.102473 13.991575 -1.388883 0.211416 17.310027 -1.467073 0.236526 18.317739 -2.660575 -0.109244 19.858729 -1.658290 0.304474 20.807992 -1.424037 0.222519 17.762400 -5.114623 0.880997 25.739103 -1.392740 0.212618 17.359488 -1.322627 0.191290 16.460286 14.249984 -12.126483 8.862502 -5.394346 11.158003 -1.465294 0.180775 4.366207 -5.479815 -0.000006 -5.035696 0.000003 -12.641615 -2.694072 2.862377 -9.376816 15.048228 -3.997188 -7.805743 -7.966161 1.949469 0.000035 -6.641055 -0.000001 
1.209629 98.703316 -1.362984 -91.067985 -4.069886 -2.356036 1.191366 3.732674 3.403740 0.543202 1.423422 0.454454 0.600969 1.418211 0.890896 -0.424112 5.674809 0.028906 -1.412356 -6.889039 0.924512 -19.048750 -0.296772 -15.877340 -14.714137 4.736916 -66.753051 -2.519418 -0.000004 0.000010 -1.404846 -31.354844 -5.295941 2.160496 -0.662565 4.807498 25.201620 11.767621 21.980910 3.555363 -13.754842 8.202757 -0.901680 -0.142210 -9.154388 1.752589 0.267629 -17.364252 0.820607 0.057611 -8.033891 2.824308 -0.047289 -16.404026 1.763466 0.271040 -17.475287 1.861527 0.302863 -18.481051 3.425279 0.026074 -22.356654 2.097343 0.387304 -20.923863 1.803241 0.283731 -17.882846 4.916571 0.400222 -28.304814 1.757060 0.269014 -17.409959 1.664539 0.240857 -16.466633 14.589889 1.845811 11.029655 26.177508 9.651597 68.906562 8.186135 0.000001 0.000012 0.026524 -20.382762 2.105702 -0.174601 -1.665287 -4.213966 -27.446246 10.325280 -21.286939 -4.680232 -15.466081 -11.306799 1.544131 -0.035000 5.921700 -1.397055 0.213970 17.414901 -0.654901 0.046167 8.065768 -2.216898 -0.113252 14.142704 -1.389986 0.211756 17.324116 -1.468182 0.236893 18.332091 -2.737048 -0.082581 19.894343 -1.660375 0.305272 20.835538 -1.426147 0.223198 17.789453 -4.992380 0.811957 25.885761 -1.393589 0.212876 17.370412 -1.323442 0.191541 16.470661 14.448789 -11.662709 8.195594 -2.626372 12.262851 1.098121 0.193045 2.730486 -6.261403 -0.000014 -4.983715 0.000000 -11.615513 -1.156528 3.113880 -10.209023 11.945933 -4.522156 -5.314587 -6.493459 2.516952 0.000006 -6.781233 -0.000002 
0.463688 98.897041 -0.269709 -94.427215 -3.841357 -2.890937 1.425142 3.449897 2.856196 0.442873 1.245780 1.222899 0.475411 1.226775 1.357061 -0.186211 5.648594 0.301742 0.485714 -7.338570 0.138892 -19.922154 -0.575975 -16.395014 -15.710104 5.388775 -67.379782 -1.803842 0.000002 0.000005 -1.605655 -32.580453 -5.304520 2.160497 -0.662567 4.807498 25.653084 11.084549 22.123435 3.601806 -13.741885 8.183045 -0.948734 -0.043204 -8.175004 1.752592 0.267643 -17.364240 0.820607 0.057608 -8.033890 2.723128 -0.066569 -15.972595 1.758832 0.269592 -17.428129 1.856990 0.301355 -18.434279 3.559273 0.096261 -21.586668 2.095955 0.386761 -20.909511 1.801805 0.283261 -17.868074 5.315323 0.731658 -27.517495 1.757063 0.269031 -17.409968 1.666368 0.241396 -16.485133 12.902258 2.557456 10.030869 30.748135 8.718252 69.051102 7.190109 0.000007 0.000027 -0.434715 -20.337554 5.457555 -0.174603 -1.665290 -4.213962 -29.359278 10.758724 -22.080996 -4.051671 -15.499753 -11.568974 1.363206 0.012428 6.489742 -1.397036 0.213962 17.414877 -0.654919 0.046163 8.065781 -2.206895 -0.128209 14.687362 -1.395248 0.213402 17.391690 -1.473410 0.238629 18.399954 -2.952945 -0.011122 20.239855 -1.665444 0.307203 20.902138 -1.431205 0.224813 17.854733 -4.910300 0.776126 26.222262 -1.396601 0.213818 17.409232 -1.326435 0.192425 16.509003 14.642525 -11.135103 7.683529 0.884698 12.970769 3.615505 0.187215 1.356207 -6.963272 -0.000066 -4.983719 0.000002 -10.712053 0.407913 3.212068 -9.135985 8.501236 -4.318207 -3.769837 -4.639097 2.923494 0.000001 -7.084373 0.000002 
0.122510 98.994843 0.263445 -96.119258 -3.737850 -3.167635 1.537414 3.302540 2.567089 0.339518 1.151870 1.559624 0.361604 1.125991 1.562993 -0.079337 5.626306 0.446904 1.387795 -7.561151 -0.263214 -20.251350 -0.673433 -16.651062 -16.238729 5.737065 -67.596238 -1.459351 0.000010 -0.000010 -1.631529 -33.219714 -5.292622 2.160496 -0.662568 4.807496 25.903673 10.691544 22.206726 3.626209 -13.735417 8.177516 -0.969597 0.019860 -7.593862 1.752584 0.267635 -17.364243 0.820612 0.057632 -8.033883 2.665774 -0.076237 -15.700390 1.755818 0.268647 -17.397272 1.854001 0.300357 -18.403624 3.641770 0.136602 -21.124836 2.094832 0.386358 -20.897761 1.800642 0.282884 -17.856111 5.556637 0.923347 -27.038212 1.757059 0.269039 -17.409958 1.667701 0.241788 -16.498844 12.039352 2.894887 9.543960 32.868793 8.139834 69.134922 6.693718 -0.000012 -0.000003 -0.547688 -20.178187 6.971720 -0.174601 -1.665287 -4.213965 -30.442587 11.004642 -22.531869 -3.694275 -15.518676 -11.717464 1.262292 0.038529 6.824568 -1.397026 0.213967 17.414901 -0.654905 0.046150 8.065762 -2.205096 -0.136154 15.004114 -1.398344 0.214374 17.431655 -1.476518 0.239664 18.440092 -3.075745 0.030529 20.449387 -1.668285 0.308298 20.939562 -1.434059 0.225737 17.891431 -4.877707 0.762108 26.410296 -1.398362 0.214373 17.431797 -1.328202 0.192948 16.531346 14.749833 -10.807725 7.469833 2.670087 13.048813 4.775475 0.176485 0.836268 -7.274358 0.000002 -4.983703 -0.000001 -10.288392 1.457669 3.246261 -8.324370 6.195881 -4.091942 -3.177550 -3.392062 3.081446 0.000006 -7.252613 -0.000001 
