HIERARCHY
ROOT mixamorig:Hips
{
	OFFSET 0.000000 99.791901 0.000000
	CHANNELS 6 Xposition Yposition Zposition Yrotation Xrotation Zrotation
	JOINT mixamorig:Spine
	{
		OFFSET 0.000038 9.923500 -1.227300
		CHANNELS 3 Yrotation Xrotation Zrotation
		JOINT mixamorig:Spine1
		{
			OFFSET -0.001154 11.645462 -1.422353
			CHANNELS 3 Yrotation Xrotation Zrotation
			JOINT mixamorig:Spine2
			{
				OFFSET -0.001065 13.360161 -1.626458
				CHANNELS 3 Yrotation Xrotation Zrotation
				JOINT mixamorig:Neck
				{
					OFFSET -0.001308 15.032516 0.792905
					CHANNELS 3 Yrotation Xrotation Zrotation
					JOINT mixamorig:Head
					{
						OFFSET -0.000902 10.321808 3.142400
						CHANNELS 3 Yrotation Xrotation Zrotation
						End Site
						{
							OFFSET -0.001707 19.630493 -0.000000
						}
					}
				}
				JOINT mixamorig:LeftShoulder
				{
					OFFSET 6.105007 9.110962 0.705601
					CHANNELS 3 Yrotation Xrotation Zrotation
					JOINT mixamorig:LeftArm
					{
						OFFSET 12.655048 -0.266434 -2.600898
						CHANNELS 3 Yrotation Xrotation Zrotation
						JOINT mixamorig:LeftForeArm
						{
							OFFSET 27.404696 0.000000 0.000000
							CHANNELS 3 Yrotation Xrotation Zrotation
							JOINT mixamorig:LeftHand
							{
								OFFSET 27.614513 0.000000 0.000000
								CHANNELS 3 Yrotation Xrotation Zrotation
								JOINT mixamorig:LeftHandThumb1
								{
									OFFSET 3.788795 -2.167099 3.003002
									CHANNELS 3 Yrotation Xrotation Zrotation
									JOINT mixamorig:LeftHandThumb2
									{
										OFFSET 3.675461 -2.122025 2.122029
										CHANNELS 3 Yrotation Xrotation Zrotation
										JOINT mixamorig:LeftHandThumb3
										{
											OFFSET 3.394363 -1.959732 1.959735
											CHANNELS 3 Yrotation Xrotation Zrotation
											End Site
											{
												OFFSET 2.679413 -1.546967 1.546960
											}
										}
									}
								}
								JOINT mixamorig:LeftHandIndex1
								{
									OFFSET 12.266594 -0.231796 2.822001
									CHANNELS 3 Yrotation Xrotation Zrotation
									JOINT mixamorig:LeftHandIndex2
									{
										OFFSET 3.891998 0.000000 0.000000
										CHANNELS 3 Yrotation Xrotation Zrotation
										JOINT mixamorig:LeftHandIndex3
										{
											OFFSET 3.415207 0.000000 0.000000
											CHANNELS 3 Yrotation Xrotation Zrotation
											End Site
											{
												OFFSET 3.077995 0.000000 0.000000
											}
										}
									}
								}
								JOINT mixamorig:LeftHandMiddle1
								{
									OFFSET 12.775497 0.000000 0.000000
									CHANNELS 3 Yrotation Xrotation Zrotation
									JOINT mixamorig:LeftHandMiddle2
									{
										OFFSET 3.613998 0.000000 0.000000
										CHANNELS 3 Yrotation Xrotation Zrotation
										JOINT mixamorig:LeftHandMiddle3
										{
											OFFSET 3.459793 0.000000 0.000000
											CHANNELS 3 Yrotation Xrotation Zrotation
											End Site
											{
												OFFSET 3.680214 0.000000 0.000000
											}
										}
									}
								}
								JOINT mixamorig:LeftHandRing1
								{
									OFFSET 12.146996 0.009995 -2.216599
									CHANNELS 3 Yrotation Xrotation Zrotation
									JOINT mixamorig:LeftHandRing2
									{
										OFFSET 3.601196 0.000000 0.000000
										CHANNELS 3 Yrotation Xrotation Zrotation
										JOINT mixamorig:LeftHandRing3
										{
											OFFSET 3.307304 0.000000 0.000000
											CHANNELS 3 Yrotation Xrotation Zrotation
											End Site
											{
												OFFSET 3.660095 0.000000 0.000000
											}
										}
									}
								}
								JOINT mixamorig:LeftHandPinky1
								{
									OFFSET 10.908195 -0.226105 -4.725800
									CHANNELS 3 Yrotation Xrotation Zrotation
									JOINT mixamorig:LeftHandPinky2
									{
										OFFSET 4.136703 0.000000 0.000000
										CHANNELS 3 Yrotation Xrotation Zrotation
										JOINT mixamorig:LeftHandPinky3
										{
											OFFSET 2.594803 0.000000 0.000000
											CHANNELS 3 Yrotation Xrotation Zrotation
											End Site
											{
												OFFSET 2.923904 0.000000 0.000000
											}
										}
									}
								}
							}
						}
					}
				}
				JOINT mixamorig:RightShoulder
				{
					OFFSET -6.106493 9.110001 0.705582
					CHANNELS 3 Yrotation Xrotation Zrotation
					JOINT mixamorig:RightArm
					{
						OFFSET -12.655064 -0.265533 -2.600914
						CHANNELS 3 Yrotation Xrotation Zrotation
						JOINT mixamorig:RightForeArm
						{
							OFFSET -27.404697 0.000000 -0.000000
							CHANNELS 3 Yrotation Xrotation Zrotation
							JOINT mixamorig:RightHand
							{
								OFFSET -27.614510 0.000000 -0.000000
								CHANNELS 3 Yrotation Xrotation Zrotation
								JOINT mixamorig:RightHandThumb1
								{
									OFFSET -3.788803 -2.167099 3.003001
									CHANNELS 3 Yrotation Xrotation Zrotation
									JOINT mixamorig:RightHandThumb2
									{
										OFFSET -3.675461 -2.122025 2.122028
										CHANNELS 3 Yrotation Xrotation Zrotation
										JOINT mixamorig:RightHandThumb3
										{
											OFFSET -3.394363 -1.959732 1.959735
											CHANNELS 3 Yrotation Xrotation Zrotation
											End Site
											{
												OFFSET -2.679413 -1.546967 1.546959
											}
										}
									}
								}
								JOINT mixamorig:RightHandIndex1
								{
									OFFSET -12.266602 -0.231796 2.822000
									CHANNELS 3 Yrotation Xrotation Zrotation
									JOINT mixamorig:RightHandIndex2
									{
										OFFSET -3.891998 0.000000 0.000000
										CHANNELS 3 Yrotation Xrotation Zrotation
										JOINT mixamorig:RightHandIndex3
										{
											OFFSET -3.415207 0.000000 0.000000
											CHANNELS 3 Yrotation Xrotation Zrotation
											End Site
											{
												OFFSET -3.077995 0.000000 0.000000
											}
										}
									}
								}
								JOINT mixamorig:RightHandMiddle1
								{
									OFFSET -12.775505 0.000000 -0.000000
									CHANNELS 3 Yrotation Xrotation Zrotation
									JOINT mixamorig:RightHandMiddle2
									{
										OFFSET -3.613998 0.000000 0.000000
										CHANNELS 3 Yrotation Xrotation Zrotation
										JOINT mixamorig:RightHandMiddle3
										{
											OFFSET -3.459793 0.000000 0.000000
											CHANNELS 3 Yrotation Xrotation Zrotation
											End Site
											{
												OFFSET -3.680214 0.000000 0.000000
											}
										}
									}
								}
								JOINT mixamorig:RightHandRing1
								{
									OFFSET -12.147003 0.009995 -2.216600
									CHANNELS 3 Yrotation Xrotation Zrotation
									JOINT mixamorig:RightHandRing2
									{
										OFFSET -3.601196 0.000000 0.000000
										CHANNELS 3 Yrotation Xrotation Zrotation
										JOINT mixamorig:RightHandRing3
										{
											OFFSET -3.307304 0.000000 0.000000
											CHANNELS 3 Yrotation Xrotation Zrotation
											End Site
											{
												OFFSET -3.660103 0.000000 0.000000
											}
										}
									}
								}
								JOINT mixamorig:RightHandPinky1
								{
									OFFSET -10.908203 -0.226105 -4.725801
									CHANNELS 3 Yrotation Xrotation Zrotation
									JOINT mixamorig:RightHandPinky2
									{
										OFFSET -4.136703 0.000000 0.000000
										CHANNELS 3 Yrotation Xrotation Zrotation
										JOINT mixamorig:RightHandPinky3
										{
											OFFSET -2.594803 0.000000 0.000000
											CHANNELS 3 Yrotation Xrotation Zrotation
											End Site
											{
												OFFSET -2.923904 0.000000 0.000000
											}
										}
									}
								}
							}
						}
					}
				}
			}
		}
	}
	JOINT mixamorig:LeftUpLeg
	{
		OFFSET 9.124481 -6.656403 -0.055368
		CHANNELS 3 Yrotation Xrotation Zrotation
		JOINT mixamorig:LeftLeg
		{
			OFFSET 0.244688 -40.595383 -0.515629
			CHANNELS 3 Yrotation Xrotation Zrotation
			JOINT mixamorig:LeftFoot
			{
				OFFSET -0.244684 -42.047905 -2.059130
				CHANNELS 3 Yrotation Xrotation Zrotation
				JOINT mixamorig:LeftToeBase
				{
					OFFSET 0.373535 -7.208565 13.966596
					CHANNELS 3 Yrotation Xrotation Zrotation
					End Site
					{
						OFFSET -0.142057 -0.175231 9.997458
					}
				}
			}
		}
	}
	JOINT mixamorig:RightUpLeg
	{
		OFFSET -9.124419 -6.656395 -0.055432
		CHANNELS 3 Yrotation Xrotation Zrotation
		JOINT mixamorig:RightLeg
		{
			OFFSET -0.244683 -40.595413 -0.514284
			CHANNELS 3 Yrotation Xrotation Zrotation
			JOINT mixamorig:RightFoot
			{
				OFFSET 0.244687 -42.047836 -2.060526
				CHANNELS 3 Yrotation Xrotation Zrotation
				JOINT mixamorig:RightToeBase
				{
					OFFSET -0.373540 -7.208565 13.966594
					CHANNELS 3 Yrotation Xrotation Zrotation
					End Site
					{
						OFFSET 0.141792 -0.175015 9.997463
					}
				}
			}
		}
	}
}
MOTION
Frames: 29
Frame Time: 0.033333
0.432172 98.390305 -0.065148 -6.094237 -3.729580 -4.040973 1.588999 3.282021 3.673366 0.358022 1.158051 1.698246 0.383537 1.131779 1.704134 -0.079346 5.626303 0.446906 1.387793 -7.561152 -0.263213 -17.444821 1.001189 -12.634019 -20.032310 3.679967 -71.105841 -1.459364 0.000007 0.000003 -1.631525 -33.219711 -5.292627 2.160494 -0.662566 4.807501 25.913492 10.690427 22.208953 3.647856 -13.784952 8.151315 -0.968253 0.009895 -7.593850 1.754896 0.268358 -17.387927 0.823022 0.057963 -8.057581 2.665768 -0.076250 -15.700373 1.756058 0.268722 -17.399729 1.854256 0.300443 -18.406320 3.636281 0.134485 -21.125432 2.094828 0.386358 -20.897763 1.800645 0.282883 -17.856109 5.557587 0.921476 -27.038199 1.757818 0.269269 -17.417696 1.669888 0.242440 -16.521095 15.346887 1.160239 15.024406 28.185093 11.643859 64.957797 6.693731 -0.000015 0.000019 -0.547691 -20.178192 6.971740 -0.174591 -1.665279 -4.213950 -30.442348 11.004316 -22.536791 -3.678307 -15.531002 -11.722115 1.260811 0.026155 6.824667 -1.396322 0.213719 17.405576 -0.654145 0.046060 8.056450 -2.198281 -0.137973 15.004696 -1.399662 0.214792 17.448459 -1.477814 0.240106 18.456740 -3.075745 0.030542 20.449385 -1.668215 0.308280 20.938495 -1.433972 0.225700 17.890576 -4.885642 0.746142 26.410004 -1.398376 0.214375 17.432016 -1.328179 0.192935 16.531349 33.437133 -17.012200 5.913231 -7.633638 19.222396 3.297009 -8.560709 -2.327276 -5.405624 0.000006 -4.928539 0.000000 -10.571265 -1.497588 4.046290 -10.101205 12.163734 -5.431115 -1.743707 -6.379142 3.823706 0.000001 -7.282884 0.000002 
0.238317 98.329071 -0.777468 -2.396867 -2.954308 -3.744025 1.835891 3.359311 3.752976 0.509887 1.248413 1.710961 0.536430 1.218294 1.667310 0.615280 5.523171 0.159623 3.613905 -7.874289 -1.140084 -17.562583 0.947024 -12.867980 -19.962321 2.480828 -69.947428 -2.239529 0.000013 0.000002 -3.267395 -33.077937 -3.326768 2.160496 -0.662566 4.807501 25.863257 10.502529 22.134531 3.746337 -13.797637 8.148435 -0.982797 0.003094 -7.663342 1.754902 0.268339 -17.387917 0.823024 0.057985 -8.057602 2.598619 -0.096931 -15.779135 1.756459 0.268849 -17.403812 1.854671 0.300575 -18.410575 3.645288 0.136853 -21.192035 2.097483 0.387361 -20.925538 1.803352 0.283754 -17.883867 5.522336 0.903928 -27.085498 1.757819 0.269273 -17.417705 1.669885 0.242437 -16.521092 15.411077 1.205912 14.792911 28.240566 12.338409 64.819042 6.984356 0.000009 -0.000006 -0.670045 -20.526933 6.939392 -0.174593 -1.665280 -4.213952 -30.396572 10.994676 -22.518420 -3.678315 -15.530998 -11.722130 1.282885 0.021718 6.851422 -1.395919 0.213597 17.400467 -0.653730 0.046004 8.051314 -2.208683 -0.137259 15.091334 -1.399652 0.214782 17.448459 -1.477820 0.240099 18.456737 -3.063043 0.024744 20.513913 -1.668217 0.308271 20.938486 -1.433977 0.225710 17.890583 -4.810018 0.690133 26.501083 -1.403916 0.216124 17.503374 -1.333596 0.194552 16.600618 33.595904 -19.133083 5.392023 -8.086487 20.278801 1.473867 -11.060626 -1.635336 -5.912199 0.000003 -4.410394 -0.000000 -14.296930 -2.829430 3.824012 -10.252231 13.385211 -5.678772 -1.751859 -6.933980 3.783027 0.000009 -7.282874 -0.000001 
-0.145557 98.321671 -1.549246 1.511830 -2.397081 -3.376251 2.027634 3.476159 3.742190 0.633466 1.360905 1.823164 0.653849 1.327496 1.663586 1.819625 5.693352 -0.263995 6.837544 -7.697653 -2.379541 -17.720641 0.861064 -13.250486 -20.087364 1.024288 -68.289078 -2.649981 0.000003 -0.000003 -4.151984 -31.307265 -0.985865 2.160497 -0.662563 4.807496 25.928047 10.653421 22.197695 3.670950 -13.818583 8.159785 -0.946411 0.009591 -7.794024 1.754901 0.268351 -17.387935 0.823024 0.057975 -8.057581 2.615838 -0.096072 -15.936662 1.757914 0.269305 -17.418671 1.856117 0.301059 -18.425415 3.683770 0.149888 -21.306171 2.099566 0.388150 -20.947193 1.805463 0.284440 -17.905438 5.551704 0.919687 -27.150313 1.757815 0.269266 -17.417691 1.669892 0.242444 -16.521094 15.435360 1.255153 14.568179 27.880011 13.156220 64.524681 7.436509 -0.000005 0.000003 -1.022068 -20.936575 6.836276 -0.174593 -1.665281 -4.213956 -30.460496 11.021851 -22.502721 -3.678304 -15.530983 -11.722113 1.281151 0.015320 6.943357 -1.394193 0.213059 17.378125 -0.651931 0.045752 8.028985 -2.231748 -0.133013 15.173190 -1.399651 0.214778 17.448458 -1.477815 0.240104 18.456735 -3.041029 0.014943 20.605596 -1.668207 0.308261 20.938478 -1.433978 0.225713 17.890571 -4.722711 0.624906 26.616796 -1.401637 0.215396 17.474001 -1.331113 0.193817 16.568827 33.752872 -21.557686 4.999917 -8.659950 22.120551 -0.346555 -11.798347 -1.082765 -9.125061 0.000001 -3.966212 0.000000 -18.175251 -3.714312 3.654295 -10.307981 14.108780 -5.819987 -1.846209 -7.281601 3.598682 0.000006 -7.282886 0.000001 
-0.676709 98.352112 -2.444547 5.389804 -2.047627 -3.086947 2.185516 3.636768 3.530172 0.768728 1.508002 2.027476 0.772713 1.472330 1.682496 3.426937 6.138442 -0.734119 10.826233 -6.881646 -3.760874 -17.843579 0.759827 -13.709668 -20.241143 -0.436231 -66.301425 -3.141145 0.000015 0.000002 -4.522487 -28.606244 1.555221 2.160496 -0.662564 4.807501 26.229567 11.131035 22.434392 3.314440 -13.754114 8.265515 -0.844149 0.035676 -8.105817 1.754893 0.268363 -17.387901 0.823024 0.057952 -8.057579 2.751654 -0.065903 -16.293394 1.761278 0.270359 -17.453104 1.859416 0.302160 -18.459343 3.772677 0.181019 -21.537169 2.101162 0.388779 -20.963838 1.807057 0.284944 -17.921800 5.656613 0.989379 -27.288783 1.757819 0.269278 -17.417708 1.669893 0.242440 -16.521107 15.397468 1.292604 14.391429 27.166369 14.022075 64.092726 7.981919 -0.000004 0.000002 -1.664502 -21.407968 6.704104 -0.174591 -1.665281 -4.213951 -30.567603 11.062156 -22.491007 -3.678313 -15.530986 -11.722129 1.267700 0.009445 7.047044 -1.392766 0.212619 17.359935 -0.650456 0.045536 8.010759 -2.247860 -0.130197 15.237667 -1.399652 0.214783 17.448471 -1.477813 0.240105 18.456742 -3.027297 0.008413 20.683701 -1.668213 0.308256 20.938462 -1.433987 0.225710 17.890583 -4.657453 0.575852 26.699466 -1.400306 0.214977 17.456874 -1.329630 0.193370 16.549835 34.061245 -23.085959 4.906074 -9.413800 23.414816 -2.265774 -9.016273 -0.498299 -11.610001 -0.000003 -3.681233 0.000003 -22.015694 -4.218279 3.656870 -10.316066 14.341391 -5.863029 -1.937771 -7.353870 3.252896 -0.000002 -7.282875 -0.000001 
-1.373087 98.553215 -3.410004 8.931702 -1.874694 -2.690552 2.347346 3.812957 3.077960 0.952155 1.670406 2.290292 0.929227 1.633768 1.698540 5.195309 6.754014 -1.123990 15.101605 -5.406322 -4.956179 -17.869802 0.666518 -14.154753 -20.117721 -1.627820 -64.267497 -4.111396 0.000005 -0.000001 -4.695445 -25.728663 4.241514 2.160498 -0.662565 4.807500 26.632538 11.650520 22.727149 2.787429 -13.538126 8.462902 -0.710315 0.068712 -8.539254 1.754895 0.268362 -17.387935 0.823021 0.057956 -8.057577 2.943244 -0.019690 -16.750761 1.765967 0.271845 -17.501064 1.864011 0.303685 -18.506618 3.885924 0.221606 -21.841733 2.102006 0.389091 -20.972664 1.807887 0.285226 -17.930334 5.803275 1.088807 -27.481060 1.757823 0.269273 -17.417679 1.669887 0.242431 -16.521097 15.316035 1.312869 14.296672 26.350354 14.942915 63.567601 8.561375 0.000009 -0.000007 -2.614908 -21.894371 6.565749 -0.174593 -1.665281 -4.213951 -30.668676 11.099063 -22.484788 -3.678303 -15.530993 -11.722137 1.258849 0.005935 7.110751 -1.393722 0.212916 17.372076 -0.651436 0.045681 8.022921 -2.253822 -0.129134 15.261718 -1.399937 0.214864 17.452093 -1.478090 0.240193 18.460379 -3.024446 0.006667 20.721245 -1.668214 0.308267 20.938471 -1.433987 0.225714 17.890584 -4.615741 0.544564 26.734303 -1.405463 0.216602 17.523236 -1.334728 0.194896 16.615094 34.347532 -23.478697 5.218271 -9.886331 24.107706 -4.142190 -0.346413 1.369978 -10.250842 -0.000009 -3.793428 0.000002 -25.648091 -3.932877 3.632622 -10.269529 13.093388 -5.631567 -1.771763 -6.683119 2.628653 0.000002 -7.282880 -0.000000 
-2.157315 98.787392 -4.366486 12.052455 -1.837744 -2.250383 2.546263 3.944824 2.502423 1.188199 1.795006 2.584752 1.129744 1.758627 1.704064 6.802309 7.367810 -1.348368 19.075219 -3.555920 -5.762705 -17.803153 0.590307 -14.561227 -19.430128 -2.207051 -62.474190 -6.040781 -0.000026 0.000009 -5.135098 -23.483852 6.834861 2.160499 -0.662564 4.807498 26.819564 11.857950 22.857482 2.358617 -13.232879 8.659520 -0.608416 0.093808 -8.882886 1.754895 0.268354 -17.387935 0.823028 0.057968 -8.057574 3.088430 0.017779 -17.072415 1.768980 0.272779 -17.531856 1.866961 0.304680 -18.536923 3.966336 0.250781 -22.090295 2.102159 0.389153 -20.974322 1.808033 0.285277 -17.931820 5.924168 1.170543 -27.631616 1.757819 0.269275 -17.417682 1.669885 0.242435 -16.521107 15.240259 1.315743 14.284887 25.621064 15.961568 62.967043 9.126230 0.000006 -0.000001 -3.843297 -22.338161 6.427196 -0.174593 -1.665275 -4.213951 -30.739458 11.119644 -22.478639 -3.678024 -15.531039 -11.722154 1.256707 0.003988 7.141224 -1.396021 0.213650 17.401649 -0.653827 0.046012 8.052496 -2.266243 -0.125827 15.264040 -1.401047 0.215215 17.466231 -1.479191 0.240564 18.474465 -3.015536 0.002893 20.743959 -1.668206 0.308263 20.938473 -1.433995 0.225723 17.890581 -4.568825 0.509272 26.768835 -1.411778 0.218613 17.604585 -1.340969 0.196759 16.695095 33.928664 -23.520566 6.601643 0.219855 25.629026 -1.706384 5.373136 4.069830 -7.857663 -0.022647 -5.074860 1.280067 -28.877159 -3.385674 3.607951 -10.137050 11.380856 -5.303419 -1.624887 -5.767859 1.903625 0.000006 -7.282874 0.000000 
-2.902480 98.872559 -5.267664 14.740726 -1.889410 -2.061942 2.764321 3.981641 1.960098 1.434482 1.834020 2.912169 1.334482 1.799028 1.707915 7.995689 7.840738 -1.421097 22.302968 -1.806273 -6.255807 -17.686563 0.519906 -14.982867 -18.222960 -2.003391 -60.969390 -8.883538 -0.000010 0.000012 -5.807788 -22.054794 9.219433 2.160501 -0.662561 4.807496 26.703024 11.882029 22.829492 2.114511 -12.928241 8.797244 -0.549233 0.110963 -9.066727 1.754900 0.268362 -17.387913 0.823013 0.057961 -8.057592 3.181283 0.043576 -17.218492 1.768833 0.272749 -17.530454 1.866804 0.304627 -18.535284 3.996564 0.261301 -22.236712 2.102001 0.389081 -20.972663 1.807864 0.285222 -17.930047 6.002329 1.218242 -27.688836 1.757822 0.269288 -17.417700 1.669894 0.242438 -16.521092 15.191036 1.307516 14.326499 24.939056 17.064130 62.266825 9.676168 0.000003 -0.000010 -5.278335 -22.751787 6.318930 -0.174591 -1.665275 -4.213956 -30.728263 11.112861 -22.461992 -3.677894 -15.531066 -11.722145 1.267504 -0.012095 7.207561 -1.397706 0.214165 17.423447 -0.655600 0.046268 8.074288 -2.280623 -0.123011 15.310754 -1.403221 0.215898 17.494321 -1.481346 0.241282 18.502475 -2.987888 -0.008758 20.808608 -1.668199 0.308257 20.938479 -1.433975 0.225714 17.890579 -4.496896 0.454298 26.864560 -1.413922 0.219288 17.632077 -1.342951 0.197356 16.720445 33.531345 -23.236783 7.972419 3.587348 26.864490 -1.229876 19.096861 5.537108 -5.361433 -0.031021 -5.634144 1.509337 -31.618786 -3.211753 3.793628 -10.068532 10.662958 -5.165879 -1.592518 -5.322482 1.296756 0.000018 -7.282883 0.000001 
-3.582223 98.863968 -6.126155 17.155731 -1.943262 -1.998422 2.935300 3.926805 1.494291 1.625681 1.790377 3.275419 1.480496 1.758026 1.717782 8.708899 8.115749 -1.420403 24.624563 -0.498898 -6.659408 -17.565995 0.440416 -15.454789 -16.823919 -1.085549 -59.629908 -12.100335 0.000002 -0.000008 -6.365020 -21.211670 11.410275 2.160496 -0.662565 4.807501 26.439124 11.927146 22.760374 1.946658 -12.649901 8.894774 -0.506873 0.126020 -9.178141 1.754902 0.268356 -17.387928 0.823018 0.057955 -8.057576 3.273690 0.070625 -17.309648 1.767518 0.272320 -17.516985 1.865483 0.304189 -18.521672 4.007762 0.264878 -22.320976 2.101620 0.388939 -20.968657 1.807464 0.285099 -17.925965 6.063852 1.254219 -27.681929 1.757814 0.269271 -17.417694 1.669889 0.242443 -16.521101 15.127088 1.294242 14.392259 24.176483 18.209108 61.451772 10.320115 0.000013 0.000004 -6.758737 -23.175465 6.311620 -0.174596 -1.665284 -4.213954 -30.546693 11.079591 -22.426477 -3.677997 -15.531044 -11.722140 1.290750 -0.044419 7.330667 -1.398051 0.214274 17.427839 -0.655939 0.046319 8.078706 -2.275634 -0.126676 15.410508 -1.405651 0.216677 17.525666 -1.483778 0.242093 18.533853 -2.945476 -0.027061 20.922671 -1.668201 0.308257 20.938483 -1.433978 0.225709 17.890576 -4.416989 0.391634 27.026751 -1.411907 0.218653 17.606232 -1.340742 0.196698 16.692065 32.994557 -22.334983 9.044665 5.766697 28.223067 -1.239220 26.740966 4.061350 -3.363954 -0.000029 -5.098696 0.000014 -34.077453 -3.410280 4.066021 -10.087507 10.724174 -5.181449 -1.570273 -5.239153 0.803913 -0.000005 -7.282877 -0.000001 
-4.195941 98.890495 -6.952077 19.616821 -1.999507 -1.815879 3.033453 3.833314 1.075377 1.746145 1.712568 3.668560 1.554197 1.684236 1.740614 9.045903 8.220899 -1.415741 26.117300 0.329713 -7.116303 -17.490552 0.348583 -15.946280 -15.460598 0.424127 -58.434311 -15.430243 0.000016 0.000005 -6.823879 -20.965580 13.030750 2.160493 -0.662566 4.807501 26.183127 11.969129 22.692226 1.814532 -12.438699 8.957026 -0.478530 0.138132 -9.237617 1.754909 0.268354 -17.387934 0.823019 0.057965 -8.057575 3.361183 0.096981 -17.363726 1.767145 0.272216 -17.513160 1.865091 0.304052 -18.517676 4.020724 0.269772 -22.356346 2.100899 0.388661 -20.961185 1.806731 0.284851 -17.918417 6.109390 1.279706 -27.654813 1.757819 0.269267 -17.417691 1.669897 0.242436 -16.521106 14.983924 1.277671 14.474965 23.261582 19.422128 60.553267 11.204770 0.000002 0.000009 -8.032124 -23.620176 6.440982 -0.174593 -1.665285 -4.213950 -30.148195 11.058346 -22.379376 -3.678062 -15.531034 -11.722137 1.318415 -0.078354 7.439079 -1.396123 0.213682 17.403025 -0.653933 0.046023 8.053870 -2.254298 -0.134454 15.492136 -1.406966 0.217069 17.542381 -1.485095 0.242553 18.550777 -2.906459 -0.044025 21.023621 -1.667162 0.307858 20.924554 -1.432913 0.225386 17.876762 -4.363463 0.348129 27.182153 -1.407122 0.217131 17.544505 -1.335778 0.195210 16.628521 32.600411 -20.795476 9.502732 6.026316 29.347236 -1.758190 29.876538 0.056002 -3.684832 -0.000040 -6.019697 0.000003 -36.564656 -3.580546 4.164730 -10.085935 10.575905 -5.156616 -1.550256 -5.039624 0.360730 -0.000007 -7.282880 -0.000002 
-4.659819 98.865990 -7.725745 22.158303 -2.184463 -1.742161 3.145993 3.739869 0.805601 1.875031 1.633212 4.088353 1.635983 1.610236 1.785574 9.134348 8.242023 -1.430157 26.909205 0.811580 -7.605221 -17.437471 0.270164 -16.431992 -14.225868 2.296917 -57.502140 -18.513933 -0.000007 -0.000012 -7.085062 -21.110542 13.817363 2.160497 -0.662565 4.807504 25.982514 12.033585 22.635751 1.783746 -12.362735 8.953416 -0.474671 0.147441 -9.181286 1.754902 0.268348 -17.387922 0.823017 0.057970 -8.057588 3.400943 0.110160 -17.303712 1.767219 0.272241 -17.513918 1.865150 0.304079 -18.518347 4.017914 0.269071 -22.316897 2.099481 0.388136 -20.946392 1.805288 0.284384 -17.903596 6.119651 1.284937 -27.617095 1.756210 0.268761 -17.401300 1.668300 0.241973 -16.504872 14.751026 1.259531 14.567801 22.207375 20.786422 59.622982 12.314694 -0.000004 0.000006 -8.935793 -24.126938 6.627004 -0.174591 -1.665291 -4.213953 -29.684398 11.109760 -22.342683 -3.677752 -15.531097 -11.722161 1.325949 -0.090948 7.495549 -1.392299 0.212477 17.353677 -0.649950 0.045455 8.004521 -2.250607 -0.135216 15.481380 -1.406718 0.217002 17.539294 -1.484840 0.242456 18.547698 -2.889856 -0.051072 21.057062 -1.666161 0.307481 20.911597 -1.431906 0.225048 17.863832 -4.350275 0.336926 27.229434 -1.402846 0.215775 17.489657 -1.331453 0.193914 16.573172 33.327327 -18.733783 9.683503 7.288634 29.315561 -1.371028 30.001951 -4.372328 -4.773441 -0.000011 -6.837679 -0.000008 -39.110783 -3.806448 4.146026 -10.128800 10.849335 -5.213191 -1.536260 -5.039115 0.085065 0.000015 -7.282881 0.000000 
-4.890777 98.770966 -8.456264 24.497459 -2.521678 -1.917010 3.378119 3.624660 0.907969 2.104948 1.524449 4.507442 1.819266 1.508161 1.838675 9.044779 8.267064 -1.456804 27.143874 1.084305 -8.028198 -17.203483 0.277078 -16.964424 -13.194388 4.345846 -57.068560 -20.972512 -0.000005 -0.000012 -7.196445 -21.348178 14.064593 2.160501 -0.662566 4.807504 25.742657 12.095480 22.550875 1.911926 -12.473726 8.859350 -0.508315 0.147634 -8.994413 1.754906 0.268347 -17.387930 0.823024 0.057984 -8.057579 3.389253 0.109210 -17.104846 1.766339 0.271950 -17.504815 1.864263 0.303780 -18.509188 3.975121 0.253010 -22.200878 2.098014 0.387568 -20.931104 1.803812 0.283895 -17.888441 6.125996 1.286018 -27.538913 1.754033 0.268086 -17.379070 1.666127 0.241328 -16.482770 14.500854 1.246490 14.637427 21.092463 22.294516 58.668689 13.400239 -0.000004 0.000007 -9.633490 -24.727537 6.780755 -0.174589 -1.665284 -4.213954 -29.489782 11.230933 -22.339317 -3.676755 -15.531271 -11.722200 1.288882 -0.070128 7.549272 -1.390263 0.211840 17.327688 -0.647857 0.045181 7.978519 -2.280177 -0.123957 15.346667 -1.405489 0.216613 17.523438 -1.483598 0.242052 18.531599 -2.901189 -0.045743 21.010065 -1.665888 0.307374 20.907976 -1.431629 0.224964 17.860146 -4.392848 0.371373 27.105527 -1.403424 0.215961 17.497044 -1.332139 0.194126 16.581961 34.934256 -16.210250 9.462446 6.879117 27.497604 -0.610186 30.205320 -7.579965 -6.308266 -0.000003 -7.328219 -0.000005 -41.420890 -4.016139 4.066954 -10.230740 11.540100 -5.354368 -1.527539 -5.191434 -0.004042 -0.000003 -7.282887 0.000003 
-4.819283 98.624664 -9.202503 26.490433 -2.927097 -2.281494 3.693409 3.458037 1.397156 2.411101 1.346250 4.835567 2.080939 1.338068 1.820559 8.824979 8.314951 -1.485946 27.046279 1.248445 -8.313496 -16.508649 0.458363 -17.617341 -12.513382 6.422586 -57.276102 -22.541378 -0.000003 -0.000020 -7.237718 -21.626279 14.221787 2.160494 -0.662566 4.807499 25.254162 12.205698 22.396388 2.205509 -12.765396 8.667250 -0.600779 0.116397 -8.741708 1.754900 0.268358 -17.387922 0.823022 0.057957 -8.057600 3.381306 0.110341 -16.832747 1.764516 0.271382 -17.486213 1.862444 0.303158 -18.490553 3.890107 0.220477 -22.051527 2.096768 0.387101 -20.918090 1.802568 0.283498 -17.875701 6.205753 1.322325 -27.372545 1.752900 0.267722 -17.367441 1.665038 0.241000 -16.471700 14.336174 1.244032 14.651990 19.973606 23.684412 57.654344 14.143245 -0.000004 -0.000003 -10.528731 -25.271109 6.978629 -0.174593 -1.665286 -4.213953 -29.669642 11.337602 -22.377902 -3.674729 -15.531647 -11.722278 1.228023 -0.025238 7.551824 -1.392745 0.212625 17.359641 -0.650437 0.045532 8.010484 -2.309931 -0.110763 15.118981 -1.403970 0.216142 17.503961 -1.482058 0.241515 18.511793 -2.931820 -0.031517 20.886286 -1.665540 0.307240 20.903468 -1.431264 0.224837 17.855583 -4.511416 0.464746 26.854651 -1.406855 0.217039 17.541097 -1.335875 0.195235 16.629795 35.799805 -13.910846 8.459884 7.448542 24.024571 1.826676 30.255665 -8.491980 -7.640656 -0.000020 -8.207999 -0.000007 -43.318409 -4.311040 3.904325 -10.299291 12.533729 -5.543071 -1.632080 -5.358128 0.091306 0.000013 -7.282869 -0.000001 
-4.540426 98.422729 -9.983072 28.340869 -3.292848 -2.661709 3.910895 3.284277 1.951904 2.649340 1.133067 4.980892 2.280398 1.134288 1.647957 8.521537 8.316427 -1.491038 26.853833 1.355211 -8.459627 -15.262790 0.852430 -18.348241 -12.362062 8.350922 -58.028071 -23.239130 -0.000018 -0.000003 -7.146251 -22.174938 14.262456 2.160496 -0.662567 4.807499 24.291003 12.396425 22.143536 2.609882 -13.131396 8.394818 -0.739800 0.056285 -8.480251 1.754904 0.268339 -17.387930 0.823020 0.057960 -8.057586 3.430319 0.128120 -16.570659 1.763038 0.270918 -17.471147 1.860992 0.302693 -18.475481 3.769487 0.174594 -21.875190 2.094436 0.386207 -20.893702 1.800227 0.282747 -17.851813 6.356280 1.390873 -27.100500 1.752387 0.267577 -17.362196 1.664625 0.240880 -16.467436 14.330104 1.245652 14.641376 18.830118 24.552916 56.578285 14.426493 -0.000002 0.000003 -11.814521 -25.515215 7.358240 -0.174593 -1.665291 -4.213948 -29.804203 11.453232 -22.420147 -3.670263 -15.532468 -11.722482 1.209632 0.011128 7.365821 -1.396468 0.213752 17.407415 -0.654283 0.046077 8.058264 -2.325388 -0.102937 14.948890 -1.403049 0.215847 17.492055 -1.481129 0.241200 18.499695 -2.950643 -0.022896 20.810190 -1.665316 0.307157 20.900333 -1.431002 0.224750 17.852414 -4.611716 0.541420 26.714287 -1.407791 0.217354 17.553299 -1.337066 0.195586 16.645009 35.816627 -13.371854 6.888124 9.450134 21.981567 5.803708 28.587618 -5.606370 -8.742661 0.000005 -6.857323 -0.000004 -44.972991 -4.976123 3.642338 -10.336494 14.030315 -5.816827 -1.909939 -5.651858 0.353070 0.000002 -7.282879 -0.000001 
-4.384743 98.212402 -10.671152 30.445401 -3.584341 -2.465365 3.882914 3.204113 2.155949 2.695964 0.984421 4.988809 2.297513 0.995436 1.373892 8.155272 8.199962 -1.413493 26.680935 1.391939 -8.556375 -13.658539 1.408138 -18.991283 -12.884127 9.974055 -59.112036 -23.369721 0.000003 -0.000021 -6.982781 -23.063223 13.925103 2.160496 -0.662565 4.807494 23.031263 12.622578 21.832548 2.972787 -13.394430 8.129522 -0.842843 0.019275 -8.232763 1.754895 0.268354 -17.387905 0.823009 0.057973 -8.057578 3.505640 0.152571 -16.354125 1.761831 0.270552 -17.458848 1.859781 0.302273 -18.463149 3.638897 0.126636 -21.641408 2.090023 0.384509 -20.847708 1.795806 0.281343 -17.806431 6.441020 1.422787 -26.801987 1.750424 0.266961 -17.342212 1.662718 0.240308 -16.448079 14.501096 1.233971 14.694783 17.677317 24.792651 55.478649 14.469949 -0.000003 0.000011 -13.192825 -25.513755 7.850912 -0.174593 -1.665286 -4.213954 -29.503152 11.750496 -22.394262 -3.641982 -15.519802 -11.737261 1.258372 0.006164 7.113415 -1.395726 0.213546 17.397904 -0.653527 0.045977 8.048749 -2.375025 -0.091814 15.046688 -1.404291 0.216238 17.507884 -1.482338 0.241614 18.515362 -2.924059 -0.037465 21.033016 -1.665780 0.307311 20.906541 -1.431507 0.224914 17.858710 -4.515221 0.465326 26.957331 -1.405673 0.216687 17.525907 -1.334656 0.194870 16.614299 36.318209 -13.433484 5.076663 8.780225 21.663567 7.632772 27.391254 -3.226011 -8.499731 -0.000017 -4.928536 0.000002 -38.519234 -9.296494 3.645235 -10.722063 21.262000 -7.293922 -10.321005 -6.326409 0.322610 -0.000001 -7.406219 -0.000002 
-4.401797 98.037270 -11.181287 33.030983 -3.951118 -2.132185 3.619447 3.248789 2.083649 2.546222 0.954767 5.029430 2.128018 0.974676 1.172800 7.710002 7.992824 -1.229366 26.454467 1.298099 -8.755505 -12.029427 2.012231 -19.449983 -14.094648 11.263015 -60.371318 -23.355499 -0.000007 -0.000012 -7.240090 -24.134986 13.403050 2.160497 -0.662562 4.807500 22.210281 12.798076 21.627219 3.117305 -13.452822 7.996630 -0.835041 0.046454 -8.055976 1.754899 0.268344 -17.387901 0.823017 0.057970 -8.057594 3.521323 0.158493 -16.206924 1.760055 0.269977 -17.440581 1.858005 0.301690 -18.444880 3.565965 0.102060 -21.418252 2.085630 0.382829 -20.801720 1.791337 0.279918 -17.760678 6.375839 1.381522 -26.627648 1.747349 0.265993 -17.310851 1.659610 0.239400 -16.416483 14.776441 1.198417 14.863041 16.647714 24.747001 54.393144 14.613936 0.000003 0.000006 -14.184279 -25.675622 8.153673 -0.174594 -1.665284 -4.213953 -29.041592 12.198242 -22.295728 -3.588118 -15.489090 -11.767472 1.295204 -0.030929 7.196589 -1.391187 0.212121 17.339487 -0.648823 0.045309 7.990309 -2.471030 -0.072478 15.374377 -1.407571 0.217289 17.550125 -1.485574 0.242703 18.557301 -2.871607 -0.068559 21.532832 -1.667598 0.308009 20.930328 -1.433371 0.225515 17.882683 -4.266876 0.266747 27.452041 -1.404541 0.216324 17.511254 -1.332881 0.194337 16.591556 35.550598 -13.693607 4.208859 9.919993 22.269784 8.597217 24.833601 -3.701922 -8.117007 -0.000002 -4.928533 0.000005 -26.243243 -15.002902 2.677086 -11.692073 31.619090 -7.486537 -23.080715 -4.607778 -0.448651 -0.000003 -7.620667 0.000001 
-4.448280 97.972847 -11.523361 36.194146 -4.392840 -2.247666 3.245131 3.327089 2.169945 2.273893 0.986736 5.143568 1.840202 1.015570 1.088288 7.158420 7.791754 -1.015567 25.942315 1.021192 -9.114741 -10.626879 2.586442 -19.831022 -15.741042 12.192886 -61.606373 -23.113068 -0.000008 -0.000015 -8.215504 -25.245685 13.445470 2.160496 -0.662563 4.807498 22.420721 12.770323 21.663132 3.029235 -13.385385 8.033690 -0.750540 0.108343 -8.003538 1.754893 0.268338 -17.387939 0.823015 0.057965 -8.057574 3.441941 0.136017 -16.157612 1.758107 0.269370 -17.420718 1.856085 0.301047 -18.425002 3.602206 0.117584 -21.340989 2.084738 0.382499 -20.792523 1.790419 0.279609 -17.751247 6.256723 1.319278 -26.659482 1.746304 0.265669 -17.300034 1.658484 0.239068 -16.404981 14.986200 1.151299 15.083163 15.841212 24.702498 53.455260 14.893106 0.000005 -0.000002 -14.629113 -26.198280 8.007528 -0.174591 -1.665283 -4.213954 -28.966634 12.439842 -22.228396 -3.565586 -15.473218 -11.781053 1.248201 -0.052181 7.649545 -1.388929 0.211414 17.310510 -0.646472 0.044967 7.961327 -2.533124 -0.059152 15.572363 -1.409222 0.217803 17.571522 -1.487228 0.243256 18.578523 -2.854565 -0.082618 21.850194 -1.669120 0.308613 20.950540 -1.434943 0.226015 17.902973 -4.163043 0.180618 27.685444 -1.408253 0.217496 17.559113 -1.336345 0.195376 16.635909 34.954121 -13.976402 3.587129 10.766679 22.359644 9.817477 21.744129 -3.877646 -7.749127 -0.000024 -4.928517 0.000004 -21.102185 -18.383106 0.774818 -8.503705 39.259524 -3.265217 -29.954727 -1.536021 -2.686971 -0.191807 -10.554149 3.799350 
-4.519450 98.086388 -11.471348 40.068386 -4.710198 -2.712509 2.892843 3.378205 2.447237 1.992443 1.004416 5.203543 1.541714 1.045785 1.015055 6.496020 7.634639 -0.865417 24.897979 0.553858 -9.435612 -9.474201 3.154011 -20.298491 -17.331487 12.720748 -62.587100 -22.483325 0.000015 0.000009 -9.864345 -26.472842 14.641673 2.160496 -0.662563 4.807500 23.349555 12.595271 21.876116 2.963815 -13.394353 8.116110 -0.704159 0.141045 -7.987315 1.754879 0.268362 -17.387925 0.823017 0.057969 -8.057586 3.299807 0.095311 -16.135547 1.756577 0.268877 -17.405004 1.854553 0.300544 -18.409344 3.685820 0.149156 -21.399754 2.087235 0.383445 -20.818625 1.792927 0.280414 -17.776923 6.183365 1.283308 -26.811861 1.747864 0.266152 -17.315971 1.660008 0.239515 -16.420502 14.991522 1.116366 15.248402 15.271436 24.451247 52.967776 14.959062 -0.000007 0.000009 -14.722290 -26.689538 7.542264 -0.174591 -1.665281 -4.213952 -29.319939 12.347365 -22.291402 -3.598289 -15.495063 -11.761782 1.175128 -0.024323 7.866033 -1.391123 0.212092 17.338746 -0.648746 0.045287 7.989596 -2.505913 -0.063419 15.401223 -1.406745 0.216993 17.539516 -1.484750 0.242426 18.546535 -2.897609 -0.061150 21.659232 -1.669432 0.308736 20.954484 -1.435233 0.226116 17.906803 -4.357242 0.336313 27.406569 -1.414431 0.219437 17.638634 -1.343022 0.197378 16.721514 34.633106 -14.119932 3.286623 10.530429 21.644265 10.590865 18.484929 -3.614014 -7.269945 -0.000005 -4.928522 -0.000003 -21.272238 -19.928716 0.709393 -4.071376 42.943421 -0.315479 -30.020553 2.897768 -3.407580 -0.959165 -14.226248 8.421875 
-4.595290 98.247696 -10.911240 44.374069 -4.898053 -3.075624 2.650874 3.461112 2.662732 1.852521 1.037996 5.083371 1.387107 1.099509 0.892955 5.746889 7.457446 -0.761798 23.225514 -0.110695 -9.372444 -8.454050 3.766432 -20.885469 -18.562497 12.857081 -63.168062 -21.470536 -0.000005 0.000001 -11.769118 -27.923941 16.632936 2.160493 -0.662564 4.807498 23.923465 12.196180 21.910154 3.207019 -13.564531 8.082307 -0.775497 0.112978 -7.837392 1.754482 0.268208 -17.383656 0.822586 0.057927 -8.053318 3.145692 0.053301 -15.986555 1.754920 0.268383 -17.388144 1.852920 0.299981 -18.392629 3.683542 0.148124 -21.407973 2.089015 0.384135 -20.837104 1.794720 0.280989 -17.795436 6.135226 1.258264 -26.889280 1.749326 0.266619 -17.330948 1.661463 0.239939 -16.435290 14.838914 1.099651 15.333513 15.123369 23.614976 53.212515 14.515187 -0.000007 0.000005 -14.575279 -26.631445 7.219704 -0.174594 -1.665280 -4.213951 -29.624764 12.085858 -22.401651 -3.645110 -15.524772 -11.734606 1.153695 0.029264 7.556245 -1.395658 0.213515 17.396984 -0.653444 0.045962 8.047863 -2.431354 -0.076488 15.034349 -1.401994 0.215507 17.478685 -1.480074 0.240849 18.485839 -2.962782 -0.025752 21.189492 -1.668905 0.308516 20.947557 -1.434687 0.225945 17.899668 -4.673300 0.584140 26.905302 -1.414899 0.219592 17.644547 -1.344265 0.197761 16.737295 34.512451 -14.067222 3.270049 10.390080 20.518918 10.996607 14.321896 -3.177014 -6.811199 -0.000037 -4.928522 0.000007 -19.939749 -19.960164 1.067639 -1.063692 42.785709 1.415001 -28.753686 5.377355 -1.960095 -1.366658 -16.288425 9.036352 
-4.557959 98.411659 -10.045847 48.767240 -5.037441 -3.346122 2.511138 3.665272 2.680064 1.918852 1.173074 4.822367 1.456564 1.259150 0.838747 4.939925 7.189747 -0.613205 20.999029 -1.009538 -8.757882 -7.538703 4.387467 -21.514046 -19.629646 12.735908 -63.368234 -20.160026 -0.000009 -0.000008 -13.495848 -29.601657 18.351501 2.160501 -0.662561 4.807497 23.575417 11.635084 21.608582 3.683801 -13.733527 7.935496 -0.925536 0.050252 -7.557259 1.753556 0.267920 -17.374147 0.821620 0.057770 -8.043812 3.027653 0.024858 -15.691118 1.752608 0.267619 -17.364494 1.850649 0.299249 -18.369138 3.568763 0.106058 -21.261539 2.087791 0.383676 -20.824267 1.793521 0.280592 -17.783171 6.075722 1.222943 -26.785475 1.749506 0.266661 -17.332823 1.661629 0.239998 -16.436966 14.703017 1.088986 15.389543 15.765496 22.161242 54.197203 13.661031 -0.000010 0.000014 -13.916656 -25.938851 7.266860 -0.174593 -1.665286 -4.213954 -29.645972 11.969103 -22.468394 -3.663304 -15.535316 -11.726380 1.169915 0.057731 7.214941 -1.399668 0.214781 17.448521 -0.657629 0.046566 8.099365 -2.379624 -0.085712 14.809962 -1.398510 0.214420 17.433701 -1.476592 0.239698 18.441014 -2.995372 -0.007495 20.891728 -1.668001 0.308181 20.935389 -1.433743 0.225629 17.887420 -4.845589 0.715642 26.612096 -1.407680 0.217315 17.551911 -1.337440 0.195703 16.649954 34.517819 -13.871774 3.414718 10.269556 19.299864 11.183108 9.856326 -2.721051 -6.489350 0.000003 -4.928536 -0.000008 -17.090122 -18.998747 1.998258 0.002524 39.873101 0.520830 -26.493667 5.559204 0.065458 -0.939260 -15.955201 6.370743 
-4.409984 98.612091 -9.058614 53.428369 -4.948210 -3.694836 2.357509 3.953381 2.546972 1.982868 1.378917 4.520893 1.554451 1.477824 0.958581 4.093577 6.836625 -0.376495 18.385399 -2.128202 -7.714425 -6.895311 4.874776 -21.972865 -20.812973 12.463249 -63.402235 -18.594994 0.000001 -0.000001 -14.763527 -31.458547 19.072055 2.160491 -0.662566 4.807501 22.909739 11.197405 21.267399 4.058621 -13.772488 7.812393 -1.048444 0.000091 -7.326357 1.753534 0.267935 -17.374130 0.821630 0.057766 -8.043807 2.956510 0.010069 -15.413695 1.750337 0.266936 -17.341430 1.848427 0.298501 -18.346247 3.454835 0.065995 -21.064387 2.085810 0.382908 -20.803747 1.791579 0.279976 -17.763270 6.008918 1.182397 -26.610760 1.749696 0.266730 -17.334720 1.661795 0.240044 -16.438619 14.685516 1.075440 15.454534 17.297580 20.374379 55.678357 12.703044 -0.000006 0.000008 -12.475452 -24.882282 7.463331 -0.174589 -1.665282 -4.213954 -29.598922 12.030457 -22.473474 -3.666482 -15.538353 -11.725777 1.180596 0.045354 7.258141 -1.400016 0.214890 17.453090 -0.657985 0.046597 8.103952 -2.368883 -0.089305 14.847450 -1.397597 0.214140 17.422216 -1.475731 0.239407 18.429597 -2.983435 -0.012417 20.912296 -1.667985 0.308166 20.935392 -1.433729 0.225640 17.887425 -4.826831 0.701456 26.625259 -1.400571 0.215071 17.460076 -1.330229 0.193547 16.557557 34.523437 -13.807338 3.578543 10.156355 17.874294 11.210406 5.066925 -2.157132 -6.192532 -0.000030 -4.928528 -0.000002 -13.263587 -17.278234 3.441163 0.143869 34.406723 -2.167471 -27.039320 5.366641 2.469052 -0.382576 -12.515354 4.207286 
-4.165742 98.776047 -8.099366 58.562001 -4.654998 -3.944798 2.067719 4.162126 2.236640 1.705651 1.494313 4.167611 1.338622 1.578212 1.164952 3.225326 6.454846 -0.083409 15.559582 -3.349897 -6.452522 -6.759255 5.058487 -21.800473 -21.983941 11.912956 -63.681139 -16.774453 -0.000008 0.000003 -15.346419 -33.436344 18.832131 2.160502 -0.662561 4.807497 22.783933 10.952870 21.171484 4.174596 -13.742796 7.795524 -1.097438 -0.020475 -7.241778 1.753552 0.267938 -17.374140 0.821639 0.057767 -8.043804 2.896339 -0.004019 -15.286745 1.749447 0.266658 -17.332291 1.847551 0.298218 -18.337354 3.426883 0.057649 -20.949018 2.085947 0.382974 -20.805031 1.791718 0.280004 -17.764612 5.936783 1.142043 -26.544367 1.751034 0.267154 -17.348416 1.663091 0.240424 -16.451945 14.755237 1.060064 15.524072 19.380204 18.520529 57.401484 11.798595 0.000010 0.000011 -10.411618 -23.712762 7.568279 -0.174591 -1.665283 -4.213954 -29.706200 12.077239 -22.463787 -3.666330 -15.537405 -11.725915 1.180148 0.017037 7.495689 -1.396915 0.213923 17.413265 -0.654772 0.046151 8.064135 -2.366110 -0.093207 15.000683 -1.398330 0.214371 17.431399 -1.476438 0.239637 18.438878 -2.960112 -0.023887 21.043403 -1.667968 0.308171 20.935407 -1.433736 0.225631 17.887424 -4.763706 0.653270 26.730884 -1.398449 0.214405 17.433153 -1.327979 0.192880 16.528684 34.400722 -13.952412 3.535045 10.086063 16.590041 11.061320 -0.066353 -1.639287 -5.809605 -0.000022 -4.928536 -0.000004 -9.267068 -15.206197 4.313124 -0.422651 27.549903 -5.261224 -22.996388 4.438385 4.976555 -0.000730 -7.365474 0.243440 
-3.311734 98.767075 -6.343791 65.626295 -4.496563 -4.250290 1.656257 4.175476 1.773291 1.085759 1.437246 3.706350 0.794451 1.486054 1.322801 2.367677 6.103613 0.205997 12.650007 -4.527732 -5.110260 -7.235050 4.878358 -20.630197 -22.646553 10.939211 -64.521566 -14.435577 -0.000004 0.000004 -14.629458 -35.418417 17.474163 2.160496 -0.662563 4.807498 23.268802 10.749745 21.283698 4.158159 -13.730862 7.849545 -1.107583 -0.025826 -7.232467 1.753566 0.267937 -17.374138 0.821623 0.057764 -8.043811 2.821780 -0.024040 -15.276756 1.749253 0.266581 -17.330160 1.847391 0.298179 -18.335785 3.453511 0.068124 -20.932517 2.087856 0.383689 -20.824895 1.793642 0.280646 -17.784291 5.862874 1.103527 -26.613141 1.752536 0.267610 -17.363632 1.664529 0.240849 -16.466710 14.843497 1.047673 15.577660 21.567441 16.693377 59.218150 10.897070 0.000003 0.000006 -8.112897 -22.534879 7.588430 -0.174596 -1.665283 -4.213954 -29.922745 11.996274 -22.472762 -3.664737 -15.533918 -11.726467 1.184585 0.000808 7.603023 -1.394686 0.213243 17.384529 -0.652423 0.045808 8.035376 -2.344531 -0.101277 15.109563 -1.399010 0.214587 17.440302 -1.477139 0.239868 18.447943 -2.955730 -0.026356 21.083462 -1.667978 0.308167 20.935404 -1.433745 0.225637 17.887418 -4.749594 0.641929 26.761521 -1.398457 0.214400 17.433136 -1.327981 0.192880 16.528691 34.099296 -14.587983 3.891132 10.106738 16.520160 11.272061 -7.001091 -1.926843 -5.933929 -0.000021 -4.928521 -0.000005 -8.933799 -10.286854 3.724231 -0.116496 20.023746 -4.876066 -12.792277 0.623183 5.448002 -0.000009 -7.226437 -0.000001 
-2.416541 98.547905 -4.834327 71.092850 -4.347510 -4.253876 1.257043 4.043296 1.307632 0.505931 1.316506 3.197277 0.298239 1.333977 1.448320 1.579846 5.834431 0.428019 9.774661 -5.546544 -3.794173 -8.259873 4.436295 -18.802978 -22.631164 9.675191 -65.824220 -11.664390 0.000010 -0.000011 -12.428975 -36.909700 14.588331 2.160499 -0.662563 4.807502 23.800810 10.503596 21.393551 4.168993 -13.743703 7.899744 -1.122597 -0.032526 -7.202312 1.753566 0.267938 -17.374133 0.821628 0.057760 -8.043819 2.751157 -0.043178 -15.276488 1.749333 0.266622 -17.331120 1.847539 0.298215 -18.337285 3.468200 0.073430 -20.946428 2.089520 0.384343 -20.842464 1.795339 0.281183 -17.801812 5.805226 1.073092 -26.700188 1.753339 0.267870 -17.371835 1.665316 0.241090 -16.474553 14.916114 1.043165 15.594095 23.574273 14.923217 61.000713 9.912665 0.000010 0.000015 -5.867156 -21.429614 7.614501 -0.174591 -1.665281 -4.213956 -30.110998 11.853857 -22.489057 -3.661006 -15.529798 -11.727238 1.196700 -0.003291 7.562327 -1.395651 0.213516 17.396931 -0.653446 0.045958 8.047774 -2.315210 -0.110175 15.156139 -1.399286 0.214678 17.443724 -1.477409 0.239970 18.451560 -2.969073 -0.020400 21.041105 -1.667970 0.308166 20.935385 -1.433748 0.225639 17.887429 -4.744222 0.638034 26.750641 -1.398463 0.214405 17.433151 -1.327968 0.192880 16.528689 33.571674 -15.589198 4.164981 6.546441 18.451001 10.247609 -8.506600 -2.806901 -5.921652 -0.000046 -4.928528 0.000000 -10.074920 -5.024087 2.698952 1.746557 12.337949 -3.191954 -3.201323 -1.560570 4.410081 -0.000013 -7.273803 0.000001 
-1.564683 98.498863 -3.409351 75.187248 -4.145240 -4.269383 0.988262 3.871609 1.060839 0.198543 1.254271 2.766506 0.080046 1.252790 1.624027 0.936308 5.680916 0.534630 7.115759 -6.330302 -2.638809 -9.725354 3.837715 -17.073738 -22.211618 8.426478 -67.223111 -8.966714 0.000006 0.000010 -9.260252 -37.270129 10.093648 2.160501 -0.662563 4.807500 24.048804 10.310002 21.429797 4.211153 -13.755018 7.920175 -1.144421 -0.036491 -7.149797 1.753554 0.267922 -17.374143 0.821631 0.057765 -8.043800 2.707902 -0.054298 -15.249605 1.749623 0.266713 -17.333931 1.847850 0.298314 -18.340472 3.457376 0.069512 -20.936326 2.089997 0.384499 -20.847276 1.795828 0.281326 -17.806679 5.761565 1.047448 -26.730642 1.753540 0.267926 -17.373962 1.665484 0.241141 -16.476332 14.974942 1.050921 15.552959 25.271387 13.346397 62.562757 8.884780 0.000014 -0.000000 -3.842713 -20.525202 7.616755 -0.174593 -1.665284 -4.213954 -30.204497 11.734789 -22.491625 -3.656774 -15.524544 -11.728195 1.209563 -0.007514 7.520487 -1.397529 0.214099 17.421108 -0.655407 0.046251 8.071974 -2.297068 -0.115938 15.196182 -1.399766 0.214807 17.449808 -1.477884 0.240132 18.457777 -2.979960 -0.015525 21.004908 -1.667980 0.308163 20.935402 -1.433731 0.225638 17.887422 -4.696849 0.601257 26.788434 -1.398460 0.214405 17.433144 -1.327981 0.192888 16.528674 33.654702 -15.996453 4.518326 1.993960 19.034443 8.647761 -8.485368 -2.936574 -6.028327 -0.000013 -4.928522 0.000001 -10.382183 -3.141644 2.850718 -1.173013 11.148277 -3.450938 -1.610488 -3.051136 3.987211 0.000013 -7.282886 0.000006 
-0.907633 98.493004 -2.259699 78.546014 -3.941546 -4.222902 0.894479 3.710150 1.276630 0.083084 1.248001 2.466318 0.043962 1.234666 1.830169 0.481393 5.629744 0.535027 4.902496 -6.858014 -1.747904 -11.556555 3.109863 -15.739712 -21.685272 7.324011 -68.533742 -6.735487 0.000003 0.000017 -6.217682 -36.428264 4.881297 2.160498 -0.662562 4.807500 24.195334 10.263921 21.474719 4.199710 -13.757960 7.938177 -1.145424 -0.036238 -7.135582 1.753549 0.267936 -17.374143 0.821615 0.057764 -8.043814 2.687372 -0.059757 -15.246104 1.749945 0.266809 -17.337428 1.848185 0.298423 -18.343943 3.453746 0.068628 -20.910708 2.089901 0.384485 -20.846417 1.795735 0.281307 -17.805851 5.707374 1.015660 -26.741171 1.753559 0.267940 -17.374073 1.665471 0.241129 -16.476105 15.039317 1.073101 15.447743 26.585345 12.198343 63.729988 7.984263 -0.000010 0.000011 -2.205331 -19.941647 7.496976 -0.174591 -1.665283 -4.213953 -30.206969 11.631283 -22.482536 -3.653170 -15.513059 -11.729888 1.221931 -0.016559 7.515482 -1.397544 0.214124 17.421637 -0.655437 0.046248 8.072503 -2.286960 -0.119786 15.244560 -1.400443 0.215025 17.458476 -1.478562 0.240357 18.466511 -2.979469 -0.015442 20.990230 -1.667977 0.308176 20.935404 -1.433728 0.225631 17.887403 -4.633554 0.551249 26.866336 -1.398445 0.214403 17.433155 -1.327967 0.192876 16.528686 33.786736 -16.231548 4.761775 -1.841469 19.011371 7.157767 -8.482549 -2.750372 -6.071305 0.000010 -4.928536 -0.000001 -10.424311 -2.358242 3.239589 -4.615535 11.408716 -4.107097 -1.651314 -4.319769 3.872330 -0.000003 -7.282887 0.000002 
-0.468254 98.459686 -1.420510 81.225108 -3.790228 -4.106627 0.978605 3.566626 1.862568 0.065556 1.240007 2.243610 0.076507 1.217286 1.951213 0.200223 5.626488 0.492761 3.286189 -7.179021 -1.121704 -13.594556 2.328256 -14.626264 -21.237811 6.192895 -69.635643 -4.840260 0.000016 -0.000004 -4.013512 -35.086958 0.205618 2.160496 -0.662562 4.807495 24.524455 10.344553 21.620460 4.091083 -13.761828 7.983280 -1.111189 -0.022454 -7.202292 1.753541 0.267940 -17.374152 0.821638 0.057765 -8.043793 2.673151 -0.065187 -15.316226 1.750879 0.267090 -17.346819 1.849061 0.298715 -18.352901 3.484418 0.080262 -20.912566 2.090424 0.384669 -20.851664 1.796239 0.281468 -17.810903 5.637686 0.978899 -26.792430 1.753607 0.267961 -17.374647 1.665482 0.241129 -16.476317 15.123946 1.103484 15.300023 27.461054 11.610095 64.460566 7.354912 0.000009 0.000000 -1.110084 -19.724391 7.271486 -0.174593 -1.665285 -4.213954 -30.203134 11.487843 -22.473552 -3.656808 -15.507280 -11.730391 1.238256 -0.018771 7.448872 -1.396369 0.213749 17.405979 -0.654178 0.046056 8.056862 -2.270578 -0.124545 15.258306 -1.400516 0.215055 17.459575 -1.478643 0.240374 18.467718 -2.983378 -0.012881 20.934245 -1.667978 0.308184 20.935396 -1.433721 0.225623 17.887441 -4.625529 0.543931 26.879040 -1.398456 0.214406 17.433137 -1.327966 0.192881 16.528679 33.775637 -16.481590 4.899550 -4.775595 19.002758 5.865762 -8.481974 -2.551528 -5.994540 -0.000020 -4.928531 0.000006 -10.469536 -1.947745 3.528185 -7.371447 11.771652 -4.715038 -1.690190 -5.327377 3.865724 0.000006 -7.282880 0.000005 
-0.202708 98.424179 -0.839306 83.076916 -3.713156 -4.054388 1.194946 3.439977 2.599048 0.135000 1.207709 2.027844 0.163550 1.180860 1.919069 0.042289 5.626522 0.461692 2.251231 -7.376416 -0.693564 -15.482357 1.653498 -13.650199 -20.812929 5.040938 -70.419933 -3.132501 0.000001 -0.000023 -2.575189 -33.972845 -3.139542 2.160494 -0.662565 4.807500 25.059564 10.480966 21.850967 3.916337 -13.771071 8.053868 -1.054232 -0.002825 -7.337931 1.753557 0.267923 -17.374133 0.821632 0.057771 -8.043801 2.661244 -0.071609 -15.451957 1.752764 0.267687 -17.366058 1.850960 0.299344 -18.372251 3.544554 0.102126 -20.967673 2.091944 0.385248 -20.867623 1.797750 0.281957 -17.826498 5.578789 0.950221 -26.889326 1.753942 0.268049 -17.378103 1.665811 0.241229 -16.479479 15.221961 1.132585 15.156376 27.923757 11.476198 64.833542 6.990033 0.000003 0.000011 -0.584897 -19.810113 7.069173 -0.174596 -1.665280 -4.213949 -30.279117 11.289507 -22.485227 -3.670191 -15.512326 -11.728843 1.255574 -0.006628 7.246420 -1.395904 0.213604 17.400173 -0.653699 0.045996 8.051039 -2.243904 -0.130326 15.197526 -1.400038 0.214903 17.453124 -1.478167 0.240224 18.461411 -3.007980 -0.000720 20.785036 -1.667960 0.308164 20.935394 -1.433733 0.225630 17.887425 -4.704945 0.605667 26.752000 -1.398464 0.214407 17.433137 -1.327958 0.192877 16.528703 33.708473 -16.737764 5.081115 -6.777314 19.033290 4.872822 -8.482204 -2.396761 -5.897007 -0.000038 -4.928529 -0.000003 -10.519460 -1.657510 3.807199 -9.266644 11.963906 -5.173883 -1.718971 -5.972472 3.872852 -0.000013 -7.282881 0.000004 
-0.086582 98.400131 -0.493601 83.600047 -3.726410 -4.048138 1.435667 3.338948 3.261631 0.257216 1.173182 1.822812 0.285091 1.145968 1.794421 -0.041664 5.626519 0.451001 1.659942 -7.496577 -0.409828 -16.834973 1.203229 -12.943333 -20.395679 4.110967 -70.880951 -1.916842 0.000001 0.000011 -1.841387 -33.371485 -4.874626 2.160494 -0.662565 4.807497 25.594216 10.611527 22.075667 3.745049 -13.781338 8.124164 -1.000145 0.013039 -7.489874 1.753548 0.267938 -17.374137 0.821605 0.057750 -8.043810 2.657953 -0.076020 -15.600386 1.754688 0.268290 -17.385683 1.852865 0.299976 -18.391997 3.606365 0.124202 -21.055269 2.093729 0.385926 -20.886244 1.799529 0.282521 -17.844764 5.551351 0.937359 -26.986644 1.754946 0.268377 -17.388432 1.666807 0.241530 -16.489670 15.305836 1.152900 15.059539 28.113011 11.555560 64.964306 6.793079 0.000000 -0.000005 -0.476012 -20.026577 6.972377 -0.174591 -1.665282 -4.213956 -30.394448 11.098745 -22.512093 -3.684636 -15.520594 -11.726827 1.264906 0.017134 6.984333 -1.395892 0.213604 17.400194 -0.653714 0.045999 8.051039 -2.217538 -0.134806 15.087067 -1.399050 0.214594 17.440707 -1.477237 0.239914 18.449126 -3.047014 0.017529 20.586013 -1.667974 0.308163 20.935394 -1.433728 0.225627 17.887407 -4.820372 0.695514 26.547509 -1.398449 0.214406 17.433158 -1.327980 0.192891 16.528670 33.630226 -16.884390 5.526462 -7.408231 19.100878 4.122082 -8.502228 -2.349421 -5.777169 0.000001 -4.928527 -0.000003 -10.560704 -1.522579 4.013329 -9.796982 12.106259 -5.339012 -1.727638 -6.284947 3.795659 -0.000003 -7.282878 0.000007 
-0.065476 98.390167 -0.432144 83.905876 -3.737124 -4.040350 1.589028 3.282026 3.673225 0.358331 1.158045 1.699325 0.383009 1.131793 1.702380 -0.078401 5.626516 0.447399 1.388438 -7.559028 -0.262077 -17.444819 1.001185 -12.634030 -20.032311 3.679954 -71.105841 -1.459364 -0.000007 -0.000000 -1.631500 -33.219714 -5.292651 2.160496 -0.662562 4.807499 25.903696 10.691547 22.206719 3.642361 -13.787079 8.166873 -0.969579 0.019841 -7.593843 1.753534 0.267928 -17.374133 0.821622 0.057760 -8.043796 2.664367 -0.076640 -15.700534 1.755831 0.268642 -17.397279 1.854006 0.300361 -18.403631 3.641771 0.136609 -21.124826 2.094832 0.386350 -20.897768 1.800650 0.282887 -17.856114 5.548625 0.936546 -27.038374 1.755859 0.268663 -17.397622 1.667705 0.241793 -16.498836 15.346001 1.157936 15.024053 28.185078 11.643855 64.957797 6.693734 0.000009 0.000005 -0.547704 -20.178189 6.971744 -0.174593 -1.665282 -4.213950 -30.442566 11.004609 -22.531872 -3.689100 -15.519771 -11.726633 1.262303 0.038543 6.824565 -1.395898 0.213608 17.400178 -0.653708 0.046000 8.051040 -2.205620 -0.136003 15.004080 -1.398369 0.214376 17.431660 -1.476520 0.239670 18.440100 -3.075753 0.030544 20.449381 -1.667977 0.308167 20.935401 -1.433742 0.225639 17.887400 -4.885657 0.746126 26.409975 -1.398454 0.214411 17.433158 -1.327980 0.192886 16.528679 33.437611 -17.009403 5.912757 -7.634032 19.216078 3.296865 -8.561206 -2.317496 -5.405982 -0.000041 -4.928518 0.000007 -10.571615 -1.503602 4.046260 -10.108123 12.172864 -5.430526 -1.729299 -6.376751 3.816545 -0.000022 -7.282884 0.000001 
