HIERARCHY
ROOT mixamorig:Hips
{
	OFFSET 0.000000 99.791901 0.000000
	CHANNELS 6 Xposition Yposition Zposition Yrotation Xrotation Zrotation
	JOINT mixamorig:Spine
	{
		OFFSET 0.000038 9.923500 -1.227300
		CHANNELS 3 Yrotation Xrotation Zrotation
		JOINT mixamorig:Spine1
		{
			OFFSET -0.001154 11.645462 -1.422353
			CHANNELS 3 Yrotation Xrotation Zrotation
			JOINT mixamorig:Spine2
			{
				OFFSET -0.001065 13.360161 -1.626458
				CHANNELS 3 Yrotation Xrotation Zrotation
				JOINT mixamorig:Neck
				{
					OFFSET -0.001308 15.032516 0.792905
					CHANNELS 3 Yrotation Xrotation Zrotation
					JOINT mixamorig:Head
					{
						OFFSET -0.000902 10.321808 3.142400
						CHANNELS 3 Yrotation Xrotation Zrotation
						End Site
						{
							OFFSET -0.001707 19.630493 -0.000000
						}
					}
				}
				JOINT mixamorig:LeftShoulder
				{
					OFFSET 6.105007 9.110962 0.705601
					CHANNELS 3 Yrotation Xrotation Zrotation
					JOINT mixamorig:LeftArm
					{
						OFFSET 12.655048 -0.266434 -2.600898
						CHANNELS 3 Yrotation Xrotation Zrotation
						JOINT mixamorig:LeftForeArm
						{
							OFFSET 27.404696 0.000000 0.000000
							CHANNELS 3 Yrotation Xrotation Zrotation
							JOINT mixamorig:LeftHand
							{
								OFFSET 27.614513 0.000000 0.000000
								CHANNELS 3 Yrotation Xrotation Zrotation
								JOINT mixamorig:LeftHandThumb1
								{
									OFFSET 3.788795 -2.167099 3.003002
									CHANNELS 3 Yrotation Xrotation Zrotation
									JOINT mixamorig:LeftHandThumb2
									{
										OFFSET 3.675461 -2.122025 2.122029
										CHANNELS 3 Yrotation Xrotation Zrotation
										JOINT mixamorig:LeftHandThumb3
										{
											OFFSET 3.394363 -1.959732 1.959735
											CHANNELS 3 Yrotation Xrotation Zrotation
											End Site
											{
												OFFSET 2.679413 -1.546967 1.546960
											}
										}
									}
								}
								JOINT mixamorig:LeftHandIndex1
								{
									OFFSET 12.266594 -0.231796 2.822001
									CHANNELS 3 Yrotation Xrotation Zrotation
									JOINT mixamorig:LeftHandIndex2
									{
										OFFSET 3.891998 0.000000 0.000000
										CHANNELS 3 Yrotation Xrotation Zrotation
										JOINT mixamorig:LeftHandIndex3
										{
											OFFSET 3.415207 0.000000 0.000000
											CHANNELS 3 Yrotation Xrotation Zrotation
											End Site
											{
												OFFSET 3.077995 0.000000 0.000000
											}
										}
									}
								}
								JOINT mixamorig:LeftHandMiddle1
								{
									OFFSET 12.775497 0.000000 0.000000
									CHANNELS 3 Yrotation Xrotation Zrotation
									JOINT mixamorig:LeftHandMiddle2
									{
										OFFSET 3.613998 0.000000 0.000000
										CHANNELS 3 Yrotation Xrotation Zrotation
										JOINT mixamorig:LeftHandMiddle3
										{
											OFFSET 3.459793 0.000000 0.000000
											CHANNELS 3 Yrotation Xrotation Zrotation
											End Site
											{
												OFFSET 3.680214 0.000000 0.000000
											}
										}
									}
								}
								JOINT mixamorig:LeftHandRing1
								{
									OFFSET 12.146996 0.009995 -2.216599
									CHANNELS 3 Yrotation Xrotation Zrotation
									JOINT mixamorig:LeftHandRing2
									{
										OFFSET 3.601196 0.000000 0.000000
										CHANNELS 3 Yrotation Xrotation Zrotation
										JOINT mixamorig:LeftHandRing3
										{
											OFFSET 3.307304 0.000000 0.000000
											CHANNELS 3 Yrotation Xrotation Zrotation
											End Site
											{
												OFFSET 3.660095 0.000000 0.000000
											}
										}
									}
								}
								JOINT mixamorig:LeftHandPinky1
								{
									OFFSET 10.908195 -0.226105 -4.725800
									CHANNELS 3 Yrotation Xrotation Zrotation
									JOINT mixamorig:LeftHandPinky2
									{
										OFFSET 4.136703 0.000000 0.000000
										CHANNELS 3 Yrotation Xrotation Zrotation
										JOINT mixamorig:LeftHandPinky3
										{
											OFFSET 2.594803 0.000000 0.000000
											CHANNELS 3 Yrotation Xrotation Zrotation
											End Site
											{
												OFFSET 2.923904 0.000000 0.000000
											}
										}
									}
								}
							}
						}
					}
				}
				JOINT mixamorig:RightShoulder
				{
					OFFSET -6.106493 9.110001 0.705582
					CHANNELS 3 Yrotation Xrotation Zrotation
					JOINT mixamorig:RightArm
					{
						OFFSET -12.655064 -0.265533 -2.600914
						CHANNELS 3 Yrotation Xrotation Zrotation
						JOINT mixamorig:RightForeArm
						{
							OFFSET -27.404697 0.000000 -0.000000
							CHANNELS 3 Yrotation Xrotation Zrotation
							JOINT mixamorig:RightHand
							{
								OFFSET -27.614510 0.000000 -0.000000
								CHANNELS 3 Yrotation Xrotation Zrotation
								JOINT mixamorig:RightHandThumb1
								{
									OFFSET -3.788803 -2.167099 3.003001
									CHANNELS 3 Yrotation Xrotation Zrotation
									JOINT mixamorig:RightHandThumb2
									{
										OFFSET -3.675461 -2.122025 2.122028
										CHANNELS 3 Yrotation Xrotation Zrotation
										JOINT mixamorig:RightHandThumb3
										{
											OFFSET -3.394363 -1.959732 1.959735
											CHANNELS 3 Yrotation Xrotation Zrotation
											End Site
											{
												OFFSET -2.679413 -1.546967 1.546959
											}
										}
									}
								}
								JOINT mixamorig:RightHandIndex1
								{
									OFFSET -12.266602 -0.231796 2.822000
									CHANNELS 3 Yrotation Xrotation Zrotation
									JOINT mixamorig:RightHandIndex2
									{
										OFFSET -3.891998 0.000000 0.000000
										CHANNELS 3 Yrotation Xrotation Zrotation
										JOINT mixamorig:RightHandIndex3
										{
											OFFSET -3.415207 0.000000 0.000000
											CHANNELS 3 Yrotation Xrotation Zrotation
											End Site
											{
												OFFSET -3.077995 0.000000 0.000000
											}
										}
									}
								}
								JOINT mixamorig:RightHandMiddle1
								{
									OFFSET -12.775505 0.000000 -0.000000
									CHANNELS 3 Yrotation Xrotation Zrotation
									JOINT mixamorig:RightHandMiddle2
									{
										OFFSET -3.613998 0.000000 0.000000
										CHANNELS 3 Yrotation Xrotation Zrotation
										JOINT mixamorig:RightHandMiddle3
										{
											OFFSET -3.459793 0.000000 0.000000
											CHANNELS 3 Yrotation Xrotation Zrotation
											End Site
											{
												OFFSET -3.680214 0.000000 0.000000
											}
										}
									}
								}
								JOINT mixamorig:RightHandRing1
								{
									OFFSET -12.147003 0.009995 -2.216600
									CHANNELS 3 Yrotation Xrotation Zrotation
									JOINT mixamorig:RightHandRing2
									{
										OFFSET -3.601196 0.000000 0.000000
										CHANNELS 3 Yrotation Xrotation Zrotation
										JOINT mixamorig:RightHandRing3
										{
											OFFSET -3.307304 0.000000 0.000000
											CHANNELS 3 Yrotation Xrotation Zrotation
											End Site
											{
												OFFSET -3.660103 0.000000 0.000000
											}
										}
									}
								}
								JOINT mixamorig:RightHandPinky1
								{
									OFFSET -10.908203 -0.226105 -4.725801
									CHANNELS 3 Yrotation Xrotation Zrotation
									JOINT mixamorig:RightHandPinky2
									{
										OFFSET -4.136703 0.000000 0.000000
										CHANNELS 3 Yrotation Xrotation Zrotation
										JOINT mixamorig:RightHandPinky3
										{
											OFFSET -2.594803 0.000000 0.000000
											CHANNELS 3 Yrotation Xrotation Zrotation
											End Site
											{
												OFFSET -2.923904 0.000000 0.000000
											}
										}
									}
								}
							}
						}
					}
				}
			}
		}
	}
	JOINT mixamorig:LeftUpLeg
	{
		OFFSET 9.124481 -6.656403 -0.055368
		CHANNELS 3 Yrotation Xrotation Zrotation
		JOINT mixamorig:LeftLeg
		{
			OFFSET 0.244688 -40.595383 -0.515629
			CHANNELS 3 Yrotation Xrotation Zrotation
			JOINT mixamorig:LeftFoot
			{
				OFFSET -0.244684 -42.047905 -2.059130
				CHANNELS 3 Yrotation Xrotation Zrotation
				JOINT mixamorig:LeftToeBase
				{
					OFFSET 0.373535 -7.208565 13.966596
					CHANNELS 3 Yrotation Xrotation Zrotation
					End Site
					{
						OFFSET -0.142057 -0.175231 9.997458
					}
				}
			}
		}
	}
	JOINT mixamorig:RightUpLeg
	{
		OFFSET -9.124419 -6.656395 -0.055432
		CHANNELS 3 Yrotation Xrotation Zrotation
		JOINT mixamorig:RightLeg
		{
			OFFSET -0.244683 -40.595413 -0.514284
			CHANNELS 3 Yrotation Xrotation Zrotation
			JOINT mixamorig:RightFoot
			{
				OFFSET 0.244687 -42.047836 -2.060526
				CHANNELS 3 Yrotation Xrotation Zrotation
				JOINT mixamorig:RightToeBase
				{
					OFFSET -0.373540 -7.208565 13.966594
					CHANNELS 3 Yrotation Xrotation Zrotation
					End Site
					{
						OFFSET 0.141792 -0.175015 9.997463
					}
				}
			}
		}
	}
}
MOTION
Frames: 31
Frame Time: 0.033333
-0.073750 97.952469 0.076631 2.711308 1.018125 -1.671854 0.333519 0.192058 0.448453 0.692429 0.384953 0.501575 0.692433 0.384951 0.501574 -0.455994 -0.004307 -1.208055 -3.031088 2.741123 1.763015 -14.780294 0.528251 -16.858450 6.507694 -6.046925 -51.339858 -33.266068 15.327510 -14.916732 -9.550052 19.150751 10.846235 9.484031 -4.286454 -8.551539 6.720030 2.305180 2.442341 -0.000004 0.000007 -0.000006 -3.815797 -1.496447 -43.048934 -4.138232 -5.648004 -81.903155 0.000002 0.000005 0.000010 -5.633678 -7.871286 -62.831299 -5.304958 -7.559062 -102.017071 0.000003 0.000002 -0.000007 3.460780 -11.466656 -65.028749 -4.263501 -4.443024 -105.076040 -0.000003 -0.000001 0.000002 8.009145 -14.890024 -75.919363 -6.208625 -1.767360 -95.979171 -0.000007 -0.000000 -0.000008 7.420442 1.405940 17.936061 -19.221191 0.588487 54.825881 25.282319 10.594580 15.739599 3.712701 22.315469 -5.853347 -7.373572 -9.524861 -2.323289 -4.374535 28.885379 -3.477427 0.000015 0.000000 -0.000021 -1.256389 -2.362816 39.676511 1.443796 -4.708805 66.955368 -0.000001 -0.000002 0.000000 -0.704254 -4.849453 49.191948 1.774266 -6.218496 73.082942 0.000002 0.000000 0.000001 3.174350 -3.140086 48.063426 6.447279 -2.885259 80.363876 -0.000005 -0.000001 0.000001 6.463630 -3.171570 44.297103 10.409616 -3.138699 86.845329 -0.000006 -0.000007 -0.000003 6.328020 -27.591015 4.014478 -2.067634 64.355975 -1.089677 0.379883 0.058228 -1.278485 -1.825146 -3.867832 0.134416 -9.036831 -11.892450 4.723310 8.414534 20.078171 2.894119 0.539554 -8.614440 -4.473222 -0.669879 -4.893908 0.640983 
-0.121065 98.069084 3.413325 -0.236224 0.804950 -1.431563 0.550145 0.181892 0.245100 1.104998 0.366606 0.132703 1.104998 0.366603 0.132704 -0.270494 0.256668 -1.142351 -2.345660 2.863098 1.893992 -14.513090 0.573484 -16.685852 9.099524 -3.683867 -51.751401 -34.574875 14.722582 -14.636691 -10.315809 18.552216 9.831844 9.484031 -4.286459 -8.551539 4.147373 -3.926461 3.543249 0.000001 0.000004 -0.000006 -4.052852 -1.667675 -43.804121 -4.138193 -5.645061 -81.886161 0.000006 0.000008 0.000010 -5.759577 -8.045308 -63.431256 -5.304743 -7.559974 -102.022624 0.000004 -0.000000 -0.000006 3.317371 -11.537864 -65.488776 -4.263264 -4.443611 -105.101223 -0.000001 -0.000003 0.000003 8.261035 -14.854338 -76.181649 -6.209715 -1.765464 -96.029516 -0.000004 -0.000002 -0.000008 8.089354 1.467452 17.022215 -17.520642 1.043115 55.516812 31.592391 9.753508 15.846078 3.685442 18.281283 -6.559634 -3.637632 -4.653862 1.951590 -5.303219 24.774732 -5.204375 0.000015 0.000001 -0.000019 -0.958357 -2.663139 42.499343 1.447110 -4.561313 65.789707 -0.000001 -0.000001 0.000001 -0.669798 -5.207562 52.948409 1.763024 -6.255864 73.448972 0.000000 -0.000000 -0.000001 3.858933 -3.812558 51.296145 6.488745 -2.943567 81.297256 -0.000002 0.000003 0.000000 6.847898 -3.865321 47.194275 10.413504 -3.141258 86.919239 -0.000006 -0.000010 -0.000004 5.617498 -31.511832 2.253091 -3.299492 58.085937 -1.905064 0.548695 -2.896185 -3.020188 0.581660 -2.902322 -0.959064 -8.737743 -10.751898 3.746643 11.917907 21.542779 5.095812 0.562789 -9.253080 -5.125744 -0.434306 -5.976910 0.447466 
-0.009736 97.980270 6.638187 -3.608429 0.733387 -1.096545 0.835214 0.142907 -0.025203 1.663375 0.290222 -0.234304 1.663374 0.290222 -0.234304 0.021563 0.108248 -1.294424 -1.515593 3.573537 2.259967 -14.193965 0.614783 -16.552272 11.109421 -1.599029 -51.673168 -36.427479 14.915296 -14.655899 -10.613191 18.730800 9.562664 9.484022 -4.286455 -8.551541 3.793936 -9.325978 4.919299 -0.000000 0.000000 -0.000011 -4.295014 -1.801560 -44.296611 -4.138244 -5.645301 -81.887479 0.000003 0.000005 0.000010 -5.807225 -8.156799 -63.866176 -5.302765 -7.569514 -102.081050 0.000001 0.000001 -0.000007 3.211547 -11.567776 -65.499663 -4.263603 -4.442040 -105.041951 -0.000001 -0.000001 0.000002 8.648069 -14.798039 -76.486863 -6.211091 -1.763037 -96.092702 -0.000008 -0.000001 -0.000009 8.349727 1.524648 16.393216 -16.422104 2.570782 55.067919 40.660331 9.479798 16.206668 4.722819 14.217522 -5.665925 3.391497 0.151680 7.388303 -7.731101 19.586399 -7.185314 0.000009 -0.000003 -0.000021 -0.325803 -3.412515 48.512645 1.447167 -4.583550 65.959854 -0.000001 0.000000 0.000001 -0.646158 -5.865824 59.586222 1.723280 -6.382754 74.696957 -0.000001 -0.000001 -0.000002 5.243448 -5.508937 58.096510 6.559326 -3.047613 82.938024 0.000001 -0.000002 0.000000 7.763169 -5.224986 52.096684 10.438589 -3.157998 87.393944 -0.000007 -0.000009 -0.000006 3.509356 -34.297190 1.073112 -7.322594 48.864690 -3.305615 0.620820 -2.687500 -4.171018 0.583113 -4.530124 -1.220125 -8.354151 -10.985307 2.483304 15.736471 24.588092 7.990246 0.682733 -10.156206 -5.865923 -0.198256 -7.342363 0.260142 
0.210330 97.357262 9.905902 -7.997604 0.330608 -0.761740 1.213847 0.164979 -0.324787 2.458847 0.333778 -0.548949 2.458847 0.333778 -0.548949 -0.878610 -0.378402 -1.528118 -2.868255 4.287790 2.302794 -13.606759 0.709579 -16.168210 12.671261 -0.130646 -51.598592 -37.070568 15.012570 -14.542019 -10.810767 19.044352 10.494013 9.484027 -4.286453 -8.551539 5.403367 -12.282301 5.115319 -0.000004 -0.000000 -0.000008 -4.321866 -2.079790 -45.951354 -4.138098 -5.622138 -81.753983 0.000006 0.000005 0.000010 -5.814209 -8.316554 -64.580169 -5.297993 -7.593188 -102.225331 0.000001 -0.000002 -0.000004 3.020446 -11.627921 -65.608523 -4.267654 -4.429099 -104.511798 -0.000003 0.000001 -0.000000 9.628449 -14.638955 -77.291411 -6.212630 -1.760487 -96.160376 -0.000007 -0.000002 -0.000007 8.458370 1.564578 15.994193 -15.724567 4.262759 54.358334 49.277899 8.807533 16.497016 6.712506 10.693496 -5.600345 14.512310 4.810720 14.604128 -10.585186 12.574151 -10.840818 0.000013 0.000001 -0.000019 0.321377 -4.216035 53.190990 1.447316 -4.606697 66.133921 0.000001 0.000004 0.000000 -0.434186 -6.675138 65.608612 1.680625 -6.509237 75.949518 -0.000001 0.000000 0.000001 6.355214 -7.356350 64.170665 6.604809 -3.118197 84.033429 -0.000002 -0.000001 0.000000 8.969938 -6.553196 55.675392 10.473365 -3.181714 88.055031 -0.000007 -0.000008 -0.000009 1.026732 -36.266812 1.337975 -20.985463 40.148402 -10.099828 0.624894 0.097695 -7.079360 -0.597396 -6.559508 -0.551849 -7.294167 -12.193192 1.233557 20.365737 29.541746 11.777396 0.913442 -11.622190 -7.084843 -0.323258 -8.575474 0.412805 
0.608810 95.987473 13.295870 -14.133588 0.124870 0.293032 1.773425 0.119666 -0.780586 3.647468 0.240149 -1.050566 3.647464 0.240148 -1.050567 -3.471131 -1.022082 -2.132219 -7.622811 4.480608 1.894475 -13.252073 0.780325 -15.831499 14.352195 0.959084 -51.169984 -35.974306 14.395387 -13.832298 -9.972629 18.592494 11.106214 9.484021 -4.286458 -8.551537 5.838667 -12.309358 3.489581 -0.000002 0.000004 -0.000004 -3.752327 -2.549453 -49.948425 -4.138157 -5.612855 -81.699369 0.000003 0.000005 0.000009 -5.537952 -8.738191 -66.936557 -5.290304 -7.630896 -102.454805 0.000005 -0.000002 -0.000003 2.520933 -11.929304 -67.487289 -4.270057 -4.420970 -104.181941 -0.000000 -0.000001 0.000003 10.936931 -14.415428 -77.947014 -6.216239 -1.754571 -96.320120 -0.000007 -0.000003 -0.000006 8.691750 1.607234 15.530921 -14.734231 5.013344 54.331167 54.581677 7.305350 16.688652 9.730212 7.531252 -7.068665 18.636477 4.278904 15.804424 -10.843800 10.362868 -11.807444 0.000011 -0.000003 -0.000021 0.474845 -4.441143 54.379965 1.449204 -4.514411 65.394376 0.000002 -0.000001 0.000002 -0.151816 -7.050013 66.828989 1.701582 -6.449687 75.353857 0.000001 0.000002 0.000001 6.466166 -7.248712 63.461186 6.574341 -3.070491 83.294471 -0.000002 -0.000001 -0.000001 9.185851 -5.875633 52.904081 10.443481 -3.161294 87.485086 -0.000006 -0.000010 -0.000006 -1.027365 -38.420743 1.980870 -39.179560 34.728244 -19.634707 0.356220 4.214632 -11.550267 1.287286 -4.998225 -1.875243 -5.176827 -14.867718 -0.711973 26.384760 36.107672 17.054340 1.384224 -13.918147 -9.484260 -0.469470 -10.443545 -1.528872 
1.297230 94.197227 16.365477 -22.329326 0.620043 2.196673 2.574375 -0.014615 -1.307570 5.250536 -0.026700 -1.775451 5.250539 -0.026700 -1.775451 -6.927237 -1.873480 -3.513563 -14.815507 4.673780 1.041434 -14.084385 0.670244 -16.235828 15.813093 1.448791 -50.469473 -32.652365 13.213719 -12.932426 -7.531784 17.454367 11.965225 9.484023 -4.286449 -8.551540 8.299533 -15.430702 1.365397 0.000001 0.000007 -0.000007 -2.993997 -2.317418 -47.853395 -4.137266 -5.467494 -78.574086 0.000000 0.000007 0.000009 -5.477068 -8.289164 -63.547650 -5.334325 -7.402445 -99.260844 0.000003 -0.000004 -0.000004 2.007106 -11.935419 -65.101634 -4.308218 -4.254792 -101.229189 0.000000 0.000003 -0.000004 11.749725 -14.275844 -75.810571 -6.233460 -1.572315 -94.639538 -0.000006 -0.000003 -0.000006 8.907908 1.644838 15.127967 -13.537297 4.649372 54.654211 56.867124 6.354295 16.685403 13.039936 6.272217 -10.536773 7.454173 -3.195051 5.807243 -7.242201 18.714725 -6.144872 0.000011 -0.000003 -0.000022 -0.676004 -3.190773 47.904911 1.449859 -4.417664 64.618767 0.000001 -0.000002 0.000001 -0.236918 -6.146199 59.848658 1.796823 -6.142918 72.333609 -0.000001 -0.000001 -0.000002 5.654262 -5.280346 56.165837 6.475634 -2.924900 81.001911 -0.000000 0.000003 -0.000002 7.750040 -3.540504 45.062347 10.448980 -3.165006 87.590558 -0.000007 -0.000009 -0.000008 -1.538413 -39.265327 1.826310 -44.507664 35.520149 -23.424042 0.138810 5.899476 -13.368588 1.171714 -7.075344 5.992498 -2.092706 -19.410544 -4.142526 34.470421 42.586516 24.823462 1.831862 -16.257180 -11.141417 -0.190222 -13.377980 -0.659706 
2.149607 92.556236 18.676992 -31.080103 1.202035 3.293554 2.913972 0.002564 -1.575038 5.870998 0.015804 -2.237108 5.870980 0.015802 -2.237109 -10.844571 -3.177762 -4.560376 -23.618362 4.525385 -0.135420 -15.204730 0.438114 -17.228152 16.095472 0.852586 -50.835489 -25.732062 11.909208 -12.263175 -3.772863 16.385588 14.385722 9.484028 -4.286450 -8.551541 12.023095 -20.306552 -0.075201 -0.000000 0.000002 -0.000010 -2.993670 -1.803104 -38.503173 -4.144986 -5.355492 -72.043503 0.000006 0.000008 0.000010 -5.082156 -7.284726 -55.570651 -5.393866 -6.680795 -90.301911 0.000003 0.000001 -0.000009 2.602241 -11.567777 -60.279261 -4.363827 -3.881621 -96.288421 -0.000002 0.000002 0.000001 12.069991 -14.024509 -72.312599 -6.248790 -1.092990 -90.142173 -0.000008 0.000002 -0.000007 9.262264 1.680927 14.707510 -12.532314 3.474835 55.594120 55.756098 6.632878 16.474194 14.397528 7.817989 -16.680422 -0.434025 -22.991742 -11.904939 -5.297301 33.502792 1.214787 0.000015 -0.000001 -0.000020 -2.661336 -1.940226 40.734934 1.450764 -4.535170 65.531191 -0.000001 -0.000005 -0.000000 -0.044407 -5.148496 49.618299 1.823259 -6.047053 71.396739 0.000000 0.000002 0.000001 4.352736 -3.011731 45.929604 6.413532 -2.839255 79.622964 0.000000 0.000001 -0.000001 6.022653 -1.595173 37.012372 10.530610 -3.221942 89.155047 -0.000004 -0.000009 -0.000005 0.633330 -38.044413 1.614286 -39.758343 40.605983 -23.152919 0.732069 -2.024236 -7.901232 0.269620 -9.456217 6.109657 0.894128 -23.671195 -7.182354 41.934896 46.336775 32.601866 2.214828 -17.629739 -12.436074 0.199418 -14.911789 0.263593 
2.956247 91.528709 20.303930 -38.016106 1.755449 3.088714 1.971188 0.134584 -1.678027 3.951399 0.284968 -2.539698 3.951389 0.284967 -2.539697 -14.345416 -4.441579 -3.968039 -31.755151 3.601502 0.976432 -15.607155 0.230475 -18.290321 15.069031 -0.835611 -51.619664 -16.971453 10.594046 -12.155389 0.985298 15.055584 16.345087 9.484028 -4.286458 -8.551536 11.347336 -18.637051 -1.964163 -0.000002 0.000002 -0.000005 -3.453711 -1.994992 -31.370465 -4.177536 -5.425093 -64.439748 0.000006 0.000008 0.000011 -4.728612 -7.084645 -49.678230 -5.290251 -5.660174 -77.876075 0.000003 -0.000000 -0.000004 2.030917 -11.597600 -54.964049 -4.401624 -3.397327 -91.145248 -0.000000 -0.000000 -0.000001 11.963227 -13.826956 -66.810288 -6.223404 -0.398333 -84.291966 -0.000007 0.000000 -0.000008 9.921887 1.765613 13.840561 -11.542724 1.699079 58.303608 50.053662 7.483724 16.044748 11.477809 11.051740 -24.685970 -0.451492 -30.492942 -17.909661 -6.605155 39.821369 2.028297 0.000011 0.000000 -0.000021 -3.265403 -1.686016 39.196290 1.451820 -4.423543 64.635801 0.000002 -0.000005 -0.000001 0.546641 -4.692081 43.492152 1.841633 -5.977113 70.713891 -0.000000 -0.000002 0.000000 2.776319 -1.721366 38.919524 6.351897 -2.758414 78.297286 0.000001 -0.000003 0.000002 5.363725 -0.920428 33.687688 10.491054 -3.193930 88.393037 -0.000004 -0.000007 -0.000006 3.285185 -37.887500 2.551136 -36.786446 44.313482 -24.230624 0.677091 -7.276393 -4.119071 0.964900 -8.226239 3.895608 2.094644 -26.640468 -8.160707 44.335810 48.838530 35.922472 2.755563 -19.128766 -14.156671 0.330403 -13.492419 2.156928 
3.651952 91.379517 21.607759 -44.318683 2.567711 2.721558 0.595859 0.130270 -1.838997 1.204383 0.269309 -3.006295 1.204368 0.269309 -3.006296 -16.403531 -4.641173 -3.017710 -37.562123 3.995030 4.741843 -16.647181 0.022446 -18.974595 13.491073 -2.704493 -50.729000 -10.746741 10.286115 -12.369703 5.387068 14.364026 15.435367 9.484028 -4.286459 -8.551538 8.865928 -15.262290 -1.316075 -0.000000 0.000001 -0.000009 -3.892680 -2.535862 -25.926751 -4.232279 -5.583757 -56.714233 -0.000000 0.000005 0.000010 -4.656596 -7.239958 -44.325810 -4.941513 -4.659389 -64.761484 0.000006 -0.000001 -0.000006 0.851318 -11.895395 -49.345982 -4.430127 -2.887288 -86.916568 -0.000001 0.000000 -0.000004 11.367026 -13.836157 -59.086805 -6.146455 0.411192 -78.219272 -0.000011 -0.000001 -0.000007 10.200170 1.881340 12.847167 -10.873476 0.301384 61.607958 42.801828 9.027535 15.634648 6.109970 15.297032 -30.398023 -4.757671 -18.364938 -7.885546 -7.247662 36.377215 -0.441594 0.000015 -0.000005 -0.000019 -1.917344 -2.136810 39.387659 1.444327 -4.121328 62.238070 -0.000000 0.000001 0.000000 0.770428 -4.350764 39.965312 1.904615 -5.699721 68.040350 0.000003 -0.000003 0.000000 1.776307 -1.406948 36.841289 6.313235 -2.709733 77.486324 0.000003 0.000004 0.000003 5.419388 -1.321418 35.723081 10.397464 -3.130820 86.618519 -0.000006 -0.000010 -0.000006 5.918165 -38.735270 3.957192 -36.621015 46.279921 -27.067555 0.541486 -7.653543 -2.848460 0.181972 -9.850912 4.843958 1.372162 -29.533820 -7.876490 40.146930 51.766075 32.868236 2.419520 -19.196511 -12.470407 -0.106245 -12.547354 3.421511 
4.206139 92.334023 22.924068 -52.848244 2.877552 2.314044 -0.105110 0.057118 -1.869921 -0.190748 0.112328 -3.268511 -0.190746 0.112327 -3.268511 -17.600412 -4.179150 -2.732117 -41.681523 6.361683 6.657040 -17.757228 0.037439 -18.362062 12.167678 -3.353157 -49.285170 -9.811226 12.231062 -12.733097 8.344231 15.704109 14.467806 9.484023 -4.286454 -8.551538 6.821477 -12.584081 0.103766 0.000001 0.000001 -0.000009 -4.209188 -2.525490 -18.011021 -4.294971 -5.706682 -49.623339 0.000003 0.000007 0.000008 -4.071483 -6.886222 -37.679603 -4.425498 -3.809296 -52.663299 0.000006 -0.000001 -0.000005 1.060773 -12.172189 -46.188082 -4.404948 -2.350865 -81.522775 -0.000001 -0.000000 0.000002 10.733954 -13.837226 -52.393766 -5.978578 1.191177 -71.911503 -0.000011 -0.000001 -0.000008 9.518136 1.861988 13.071824 -11.241617 0.948780 62.822871 38.836005 11.669190 16.472289 3.408056 19.538137 -29.378044 -7.879824 -17.903635 -7.952270 -6.622823 36.705348 -1.108567 0.000013 -0.000007 -0.000026 -2.328868 -2.028021 39.988790 1.443617 -4.088382 61.964221 0.000000 0.000002 -0.000006 -0.176398 -4.244083 40.946615 1.902707 -5.710750 68.142448 0.000001 0.000001 -0.000000 1.894335 -1.880094 40.390317 6.366010 -2.776602 78.598716 -0.000001 -0.000002 -0.000002 6.254467 -2.258315 40.165160 10.513396 -3.209700 88.823373 -0.000005 -0.000009 -0.000005 8.787403 -36.566637 5.044696 -31.378842 46.871938 -24.160744 0.549859 -7.337592 -2.988900 -0.598083 -11.885500 5.488674 -1.165106 -31.474191 -6.596022 29.498873 52.423829 23.391513 1.632694 -17.419778 -9.319221 -0.679265 -10.118539 4.304483 
4.638260 93.944466 24.231533 -63.390111 2.420221 1.759264 -0.382397 0.060550 -1.669561 -0.744185 0.113210 -3.038784 -0.744189 0.113208 -3.038782 -17.818029 -3.857632 -2.654235 -43.130599 8.224990 6.033462 -17.434556 0.270670 -17.240388 11.768945 -2.810573 -48.645936 -12.589377 14.514256 -13.298496 10.063404 17.585256 13.545689 9.484024 -4.286454 -8.551541 6.209576 -11.845724 0.821137 -0.000002 0.000001 -0.000007 -5.172853 -2.533801 -11.518155 -4.346960 -5.786323 -44.560403 0.000003 0.000007 0.000009 -4.205176 -6.587700 -31.350121 -3.944902 -3.243624 -43.801132 0.000005 -0.000001 -0.000005 1.429813 -11.966476 -39.992144 -4.293708 -1.854113 -75.333988 -0.000000 -0.000000 0.000000 9.687460 -13.984598 -46.324778 -5.745779 1.832322 -66.152418 -0.000007 -0.000001 -0.000008 8.736198 1.752278 14.149702 -13.410864 3.600708 61.171461 38.457609 13.663982 18.023309 3.186009 21.441403 -24.330145 -10.259711 -19.097339 -8.935032 -6.391276 37.764273 -1.430759 0.000015 -0.000003 -0.000018 -3.028278 -1.751010 38.818181 1.447767 -4.155249 62.479313 0.000002 0.000002 -0.000002 -0.693890 -4.119870 40.874717 1.878816 -5.824019 69.225367 0.000004 0.000001 -0.000000 2.070992 -2.188886 42.610203 6.450773 -2.890224 80.447956 0.000003 0.000003 -0.000001 6.682182 -3.096072 43.868263 10.868770 -3.497096 96.011833 -0.000003 -0.000005 -0.000005 10.291860 -31.626508 5.335987 -19.417647 46.571068 -14.013004 0.694233 -6.856430 -4.521174 0.095018 -13.212019 2.801659 -4.456167 -31.849555 -4.954132 17.812353 48.616020 13.297117 0.807788 -13.284029 -6.380003 -0.620721 -7.101112 0.647158 
4.868109 95.548141 25.399611 -75.028412 2.028417 1.318768 -0.507529 0.028841 -1.370362 -0.990826 0.048961 -2.501192 -0.990798 0.048959 -2.501191 -16.970490 -3.533930 -2.292051 -41.726025 8.395885 5.980725 -16.557301 0.444629 -16.618728 12.081794 -2.380583 -49.396874 -15.654963 14.933580 -13.442696 10.065654 19.549065 10.512054 9.484020 -4.286456 -8.551539 6.369630 -12.394887 1.544419 -0.000002 0.000002 -0.000008 -5.754571 -2.557293 -8.861096 -4.370040 -5.825809 -42.522234 0.000003 0.000004 0.000010 -4.352381 -6.342626 -27.902805 -3.724148 -3.034380 -40.159569 0.000005 -0.000001 -0.000004 1.779296 -11.678072 -34.292297 -4.194034 -1.523160 -71.271214 -0.000000 -0.000000 -0.000000 9.100348 -14.108046 -41.791510 -5.544015 2.259031 -62.116636 -0.000006 -0.000001 -0.000007 8.664416 1.722520 14.411067 -16.195594 5.629813 58.337616 37.855617 13.799104 18.747701 2.974322 21.101554 -22.465662 -11.275676 -18.099842 -8.483970 -4.866684 36.440449 -1.956854 0.000016 -0.000002 -0.000023 -2.959795 -1.657924 35.491213 1.449928 -4.187459 62.722324 -0.000001 0.000000 -0.000002 -0.949090 -3.932546 39.292477 1.864951 -5.885717 69.816227 -0.000001 0.000001 -0.000002 2.119175 -2.260589 43.113315 6.511988 -2.977094 81.834395 0.000003 -0.000001 0.000000 6.609921 -3.556751 46.067150 11.119206 -3.750456 101.613920 -0.000009 -0.000006 -0.000006 10.759259 -26.581039 5.037621 -4.669170 44.661801 -1.914682 0.834049 -4.923146 -7.197919 1.364194 -15.484777 -0.086628 -6.252123 -32.399139 -3.504519 8.169582 45.230377 5.419258 0.281499 -12.273903 -3.358313 -1.020379 -7.096487 1.026259 
4.855766 96.898270 26.410219 -86.211631 2.079175 1.084238 -0.676002 -0.104484 -1.095951 -1.322656 -0.216926 -1.922321 -1.322669 -0.216926 -1.922321 -15.276714 -2.905448 -1.660060 -38.147634 7.983721 6.836866 -16.251441 0.496106 -16.440511 11.752665 -2.565704 -50.446107 -18.592724 15.029970 -13.569269 9.167283 21.406636 7.921730 9.484027 -4.286459 -8.551536 6.545270 -12.950525 2.193544 -0.000000 0.000002 -0.000007 -5.747493 -2.291836 -6.859066 -4.378069 -5.844943 -41.871232 0.000002 0.000006 0.000011 -4.150836 -6.063949 -26.133255 -3.650508 -2.976744 -39.006350 0.000005 -0.000000 -0.000008 2.221951 -11.486047 -31.866630 -4.156445 -1.394323 -69.827100 -0.000001 0.000000 0.000000 8.843507 -14.169535 -39.903451 -5.445688 2.426127 -60.387430 -0.000006 -0.000001 -0.000008 8.645921 1.733188 14.293705 -17.744020 5.054704 55.669430 35.699971 13.163844 18.613509 3.245469 20.852786 -22.354289 -11.483565 -16.760991 -7.748086 -3.121516 34.355841 -2.426309 0.000018 -0.000002 -0.000023 -2.685806 -1.604187 32.520832 1.451661 -4.214388 62.925372 0.000001 -0.000002 -0.000003 -1.138084 -3.858540 38.817382 1.856170 -5.923874 70.181300 0.000002 -0.000001 0.000000 2.205588 -2.372786 43.873765 6.549542 -3.032704 82.709274 -0.000000 0.000000 -0.000000 6.347510 -3.822465 47.584992 11.223496 -3.871945 104.130380 -0.000008 -0.000010 -0.000003 11.428791 -22.491094 4.857108 6.870360 41.422567 5.850659 0.802707 -2.483370 -9.378464 2.133987 -18.050571 -1.015847 -6.941740 -33.400192 -2.021591 -2.618483 42.260129 -3.838208 -0.029627 -9.229158 -1.069789 -2.072434 -7.252994 2.030736 
4.710591 97.848732 27.221203 -95.078631 2.302266 0.903218 -1.228541 -0.255730 -0.846231 -2.424517 -0.518612 -1.351726 -2.424482 -0.518613 -1.351726 -13.122370 -2.120633 -0.847785 -33.372513 7.454352 7.162729 -16.307430 0.532001 -16.213505 10.133156 -3.432140 -50.700617 -21.679898 15.834368 -14.299915 8.811720 22.916738 7.534990 9.484023 -4.286454 -8.551539 5.778866 -12.240481 3.566182 0.000001 0.000006 -0.000007 -5.697938 -1.830104 -4.829553 -4.375662 -5.824698 -42.008133 0.000003 0.000009 0.000010 -3.888889 -5.844791 -25.578459 -3.673543 -2.991351 -39.356831 0.000008 0.000000 -0.000006 2.593267 -11.272033 -29.950216 -4.127883 -1.349071 -69.040461 -0.000006 -0.000000 0.000001 8.289565 -14.261181 -38.939223 -5.391590 2.460653 -59.631356 -0.000007 -0.000001 -0.000006 8.236286 1.705937 14.642042 -18.644147 2.997020 53.432211 33.710296 11.827470 17.541872 3.894253 20.428218 -19.401509 -10.983503 -14.828710 -6.395806 -2.334513 32.340881 -2.868067 0.000015 -0.000006 -0.000020 -2.370568 -1.608993 31.291876 1.452626 -4.228209 63.027469 0.000002 -0.000001 -0.000002 -1.207201 -3.915779 39.717680 1.849212 -5.952996 70.460300 0.000000 0.000002 0.000001 2.273405 -2.484641 44.635710 6.569868 -3.063651 83.192394 0.000002 0.000002 -0.000001 6.085604 -3.952650 48.520895 11.266729 -3.925829 105.216598 -0.000008 -0.000012 -0.000006 12.110052 -19.350611 5.008888 11.769867 38.949745 8.000247 0.751902 -1.646456 -10.196397 2.357249 -18.290413 -1.407088 -7.717842 -34.142733 -1.449764 -12.020583 38.441165 -11.541972 -0.047538 -5.805508 -0.692887 -2.364265 -6.769942 2.296070 
4.447954 98.239334 27.714182 -101.707090 2.645473 0.698527 -2.001334 -0.422649 -0.568684 -3.972727 -0.844478 -0.733898 -3.972723 -0.844479 -0.733897 -10.872318 -1.244811 -0.328740 -28.679968 6.828568 6.752506 -16.573422 0.514049 -16.214490 7.587486 -4.856237 -50.543916 -24.312974 16.367471 -15.534844 8.460770 23.515491 8.127671 9.484024 -4.286454 -8.551540 4.629768 -10.716566 4.655995 -0.000002 0.000003 -0.000007 -5.806107 -1.605936 -4.731720 -4.364113 -5.754792 -42.751319 0.000002 0.000006 0.000009 -3.781565 -5.733011 -26.077480 -3.779189 -3.067680 -41.003422 0.000005 -0.000004 -0.000008 2.823262 -11.100841 -28.711520 -4.119978 -1.368383 -68.989480 0.000001 -0.000000 -0.000001 7.905368 -14.317641 -38.611387 -5.385085 2.410138 -59.702028 -0.000006 -0.000001 -0.000006 7.624929 1.716939 14.712866 -20.283925 1.810238 51.414625 33.308712 10.178911 15.976542 4.461605 19.365396 -15.882891 -10.372255 -13.668145 -5.535330 -2.193051 31.254580 -3.088743 0.000013 -0.000001 -0.000022 -2.250466 -1.603988 30.768339 1.452581 -4.214933 62.919067 0.000000 0.000001 -0.000002 -1.185610 -3.953572 40.143580 1.848911 -5.954911 70.477737 -0.000000 0.000002 -0.000001 2.265821 -2.478706 44.607050 6.572460 -3.067503 83.252752 -0.000001 -0.000002 0.000001 6.068752 -3.966351 48.619438 11.280814 -3.943637 105.573394 -0.000005 -0.000009 -0.000004 12.399718 -17.232125 5.569408 10.927171 38.274758 6.806107 0.794236 -1.871197 -11.412091 2.138733 -18.793155 -0.375319 -8.135360 -34.320236 -2.086182 -17.656684 34.038746 -15.831117 -0.046470 -3.647311 -1.119158 -2.806910 -6.603905 2.711682 
4.123259 98.135414 27.869907 -107.103479 2.908180 0.693604 -2.732426 -0.574254 -0.341513 -5.440446 -1.131914 -0.205271 -5.440427 -1.131914 -0.205271 -8.693930 -0.354094 -0.142239 -24.460487 6.444903 6.319837 -16.655331 0.476400 -16.390267 5.073851 -6.453694 -50.556271 -26.944750 16.076660 -16.639258 6.423243 23.883891 6.812067 9.484027 -4.286453 -8.551535 4.329010 -10.097316 4.471695 -0.000002 -0.000001 -0.000004 -5.699204 -1.674452 -6.969367 -4.344865 -5.744024 -44.588086 0.000003 0.000006 0.000009 -3.968287 -5.855583 -28.079925 -3.957516 -3.226847 -43.931811 0.000008 -0.000001 -0.000003 2.804982 -11.111873 -29.965969 -4.160264 -1.459124 -70.256781 0.000001 -0.000000 -0.000001 7.867106 -14.319622 -39.356616 -5.448566 2.300454 -60.803942 -0.000008 -0.000000 -0.000007 7.107666 1.764802 14.369268 -22.761382 2.030631 49.109484 33.091317 9.129158 15.024540 4.951679 18.144466 -13.968157 -10.193525 -13.376144 -5.298998 -2.467464 31.123659 -3.092992 0.000015 -0.000004 -0.000017 -2.399774 -1.564316 30.524389 1.452696 -4.212075 62.894841 0.000000 0.000000 -0.000003 -1.211413 -3.952155 40.189342 1.858454 -5.916100 70.102009 -0.000002 -0.000000 0.000000 2.245412 -2.447919 44.408514 6.549417 -3.032420 82.704486 -0.000000 0.000001 0.000000 6.411401 -4.028893 48.504561 11.240484 -3.892729 104.551324 -0.000006 -0.000010 -0.000008 12.576766 -15.539203 6.093044 8.265353 38.605247 4.783692 0.916096 -2.794925 -12.905905 1.629458 -19.644923 1.319491 -7.860206 -33.835398 -3.566498 -20.772972 28.915879 -18.036974 -0.071617 -2.355272 -1.724281 -3.431943 -6.292367 3.298054 
3.767660 97.770172 27.651127 -111.968022 3.043073 0.852084 -3.308711 -0.665049 -0.214709 -6.596403 -1.293987 0.155780 -6.596411 -1.293988 0.155780 -6.778347 0.320809 0.126963 -20.700104 6.205207 6.152615 -16.267269 0.499941 -16.403459 2.744235 -8.312301 -50.845065 -29.605493 15.788906 -17.321597 3.613919 24.997591 5.688920 9.484028 -4.286453 -8.551539 3.326411 -7.949344 3.741353 -0.000000 0.000003 -0.000007 -5.513526 -1.728603 -9.786164 -4.320253 -5.759875 -47.216193 0.000001 0.000008 0.000006 -4.167305 -6.002939 -30.678041 -4.181970 -3.451597 -47.830838 0.000006 -0.000001 -0.000004 2.733937 -11.143327 -32.042863 -4.205975 -1.597049 -71.932137 0.000000 0.000003 0.000001 7.603452 -14.339499 -40.730986 -5.545436 2.123830 -62.551603 -0.000007 0.000000 -0.000009 6.606467 1.762294 14.549742 -25.487686 2.670413 46.075537 32.131935 8.637073 15.041627 4.849678 16.670327 -12.630255 -10.469375 -13.718339 -5.530553 -3.026733 31.700653 -2.976873 0.000013 -0.000006 -0.000026 -2.727546 -1.502449 30.472302 1.453011 -4.223798 62.991249 -0.000002 0.000000 -0.000001 -1.328240 -3.931520 40.233489 1.865302 -5.886302 69.817845 0.000000 0.000000 -0.000001 2.294346 -2.444314 44.337586 6.493063 -2.949551 81.400904 0.000000 0.000000 -0.000000 7.006742 -4.164312 48.413774 11.139261 -3.772836 102.088030 -0.000004 -0.000007 -0.000004 12.717813 -13.783132 6.380964 7.842490 38.818776 3.944198 1.085022 -3.995039 -14.325499 1.240611 -20.295893 2.556562 -7.396813 -32.752892 -5.276984 -22.820458 22.954019 -18.663533 -0.108301 -1.172877 -1.974980 -2.938344 -6.324524 2.825575 
3.361071 97.324234 26.963448 -116.848172 3.330931 0.868333 -3.537657 -0.734547 -0.102908 -7.057221 -1.413681 0.490626 -7.057209 -1.413679 0.490626 -5.348423 0.743893 0.336060 -17.895985 5.955713 6.215698 -16.149335 0.463211 -16.653702 0.108178 -10.723398 -50.837098 -31.910299 15.445916 -17.644824 1.838570 25.878974 7.489121 9.484022 -4.286457 -8.551537 3.380009 -3.325100 2.502869 -0.000000 0.000002 -0.000006 -5.460330 -1.822039 -13.211626 -4.292477 -5.768803 -50.328334 0.000002 0.000010 0.000006 -4.401896 -6.247693 -34.097851 -4.428922 -3.735201 -52.480851 0.000008 -0.000003 -0.000010 2.572488 -11.184590 -34.567523 -4.252332 -1.774727 -73.938389 -0.000000 0.000002 0.000002 7.426779 -14.350110 -42.798443 -5.657980 1.887352 -64.780574 -0.000007 0.000001 -0.000008 5.872097 1.714194 15.417470 -27.976911 2.688486 43.105939 29.545332 8.568733 15.120806 4.147302 16.088137 -11.232700 -11.210268 -14.439182 -6.068100 -3.392744 32.527926 -2.957430 0.000011 -0.000006 -0.000020 -2.973373 -1.433285 29.353872 1.459111 -4.238897 62.615452 -0.000001 0.000002 -0.000001 -1.441481 -3.850051 39.203790 1.865281 -5.825929 69.065288 -0.000001 0.000000 -0.000001 2.330700 -2.379583 43.832449 6.430695 -2.862377 80.002702 -0.000002 0.000001 -0.000000 7.525072 -4.179583 47.878629 11.022886 -3.646898 99.391861 -0.000006 -0.000008 -0.000004 12.586956 -12.099442 6.590099 10.730114 38.624136 4.914298 1.240933 -5.024575 -15.398699 1.281802 -20.944152 2.518099 -6.943207 -31.438736 -6.487084 -24.183227 16.791400 -17.607271 -0.126790 0.018793 -2.306016 -2.301703 -6.979502 2.226961 
2.914099 96.837151 25.721802 -121.788051 3.707076 0.564184 -3.517710 -0.754134 0.058487 -7.029495 -1.436947 0.881938 -7.029510 -1.436947 0.881939 -4.489144 0.827588 0.401250 -16.177353 5.742613 6.389899 -16.641169 0.337974 -17.145185 -2.436980 -13.435602 -50.202826 -34.005135 13.955431 -17.162143 0.407772 25.173412 10.188156 9.484026 -4.286450 -8.551539 5.006273 0.125781 1.738925 0.000003 0.000004 -0.000002 -5.326099 -1.906312 -17.026166 -4.263663 -5.757727 -53.727340 0.000003 0.000010 0.000007 -4.646583 -6.532263 -37.916173 -4.677939 -4.078316 -57.728923 0.000006 -0.000002 -0.000005 2.306608 -11.238188 -37.398404 -4.304920 -1.992000 -76.464200 0.000002 0.000005 0.000001 7.527951 -14.344478 -45.349464 -5.784588 1.601743 -67.487603 -0.000008 0.000004 -0.000007 5.228900 1.679849 16.214618 -29.855037 2.151735 42.020427 24.668200 8.433370 14.184610 3.399714 17.227696 -10.016909 -12.215635 -13.514371 -5.428061 -2.322718 31.707456 -3.539728 0.000013 -0.000001 -0.000020 -2.718069 -1.364685 23.526216 1.502371 -4.244212 59.212891 0.000003 -0.000001 0.000002 -1.746732 -3.550642 34.082951 1.821459 -5.561202 65.296561 -0.000003 -0.000000 0.000000 2.188433 -2.059657 41.415026 6.367056 -2.747236 78.411398 0.000001 -0.000001 0.000000 7.810583 -3.874613 46.042001 10.876906 -3.431113 95.644512 -0.000003 -0.000009 -0.000006 12.185337 -10.670942 7.045168 14.847291 38.542064 6.832275 1.321854 -5.352251 -16.450007 1.691808 -22.390473 1.565485 -6.469312 -30.438424 -6.633337 -25.347597 12.468166 -16.123437 -0.137080 0.814375 -3.101616 -2.566837 -7.228449 2.479121 
2.449087 96.423668 23.884373 -126.368403 3.985232 0.039601 -3.593894 -0.719685 0.229857 -7.207409 -1.351960 1.261622 -7.207425 -1.351961 1.261623 -4.245916 0.698459 0.615703 -15.385382 5.638559 6.279923 -17.009498 0.296805 -17.211628 -4.226839 -15.738286 -49.559112 -36.052993 11.544131 -15.985771 -1.024523 23.196779 12.009672 9.484027 -4.286458 -8.551536 5.618032 0.550476 1.695575 0.000003 0.000000 -0.000004 -4.983414 -1.819250 -20.336791 -4.235697 -5.724050 -57.273486 0.000004 0.000002 0.000011 -4.697591 -6.610444 -41.031590 -4.909263 -4.475470 -63.406668 0.000006 -0.000004 -0.000007 2.102609 -11.228263 -39.831904 -4.352395 -2.238268 -79.280021 -0.000001 0.000001 -0.000000 7.475056 -14.369605 -47.930753 -5.908110 1.272926 -70.497511 -0.000007 -0.000001 -0.000007 5.047964 1.663955 16.545896 -31.322042 2.210364 43.069609 19.086970 7.961103 12.398617 2.580766 19.080014 -7.825135 -12.636330 -10.059049 -2.876878 -0.711753 29.243400 -4.738227 0.000011 -0.000004 -0.000019 -2.159950 -1.253743 15.457522 1.585033 -4.297132 54.117057 0.000001 -0.000002 -0.000002 -2.175392 -3.210712 26.935597 1.712416 -5.207800 59.819739 0.000001 0.000001 0.000000 1.686053 -1.530747 36.295465 6.247804 -2.402227 74.690557 -0.000002 0.000000 0.000000 7.659421 -3.204595 41.698537 10.718577 -2.824221 89.549456 -0.000006 -0.000008 -0.000006 11.825926 -9.387472 7.962209 18.338928 38.710439 8.733818 1.234843 -4.297526 -17.894723 2.248187 -25.038850 0.343849 -6.005391 -30.310757 -6.165336 -27.770444 11.317996 -16.297231 -0.237343 2.631739 -0.892033 -3.121152 -7.193840 3.001822 
1.979225 96.186630 21.405720 -130.213513 4.305398 -0.471970 -3.810085 -0.754542 0.367845 -7.677141 -1.403138 1.577667 -7.677172 -1.403137 1.577669 -4.120798 0.641278 0.832651 -14.767199 5.720250 5.772329 -17.115672 0.339272 -16.938364 -5.262255 -17.028748 -49.034020 -37.988272 9.792522 -15.129462 -2.487049 21.390423 13.428929 9.484028 -4.286454 -8.551536 5.944732 0.426963 1.892404 -0.000002 -0.000001 -0.000008 -4.487844 -1.605001 -23.140348 -4.210165 -5.695506 -61.000522 0.000001 0.000009 0.000009 -4.659775 -6.608090 -43.851225 -5.106395 -4.917457 -69.351371 0.000007 0.000001 -0.000005 2.120233 -11.168465 -42.153660 -4.390190 -2.505129 -82.292011 -0.000000 0.000001 -0.000000 7.310148 -14.415053 -50.848914 -6.017023 0.909830 -73.669280 -0.000008 -0.000004 -0.000007 4.900551 1.659199 16.716237 -32.850061 3.439597 44.339686 14.993394 7.817257 11.139749 1.717933 20.583021 -4.144635 -12.286318 -6.697268 -0.310598 -0.181470 27.336492 -5.750040 0.000011 -0.000007 -0.000018 -1.680594 -1.238862 9.445972 1.695122 -4.444099 49.113459 -0.000001 0.000001 0.000002 -2.480848 -3.051829 21.459377 1.546182 -4.942915 54.816786 0.000000 -0.000002 0.000002 1.172784 -1.142183 31.012986 6.079943 -1.928019 69.904036 -0.000003 0.000000 0.000000 7.045295 -2.456458 36.167908 10.501050 -1.975892 82.642639 -0.000008 -0.000008 -0.000004 11.605115 -8.324044 9.300134 20.389028 39.077783 10.081687 0.873750 -1.503793 -20.083432 2.761965 -28.560661 -0.686987 -6.153233 -30.020829 -4.678875 -32.191061 11.031474 -17.842882 -0.197014 5.017089 2.002182 -3.293479 -7.547452 3.165939 
1.536560 96.004272 18.302910 -133.571453 4.826741 -0.818531 -4.024474 -0.905994 0.444493 -8.162463 -1.692783 1.752127 -8.162491 -1.692785 1.752127 -3.994146 0.425000 0.881913 -14.208057 6.022281 4.991573 -16.996302 0.395671 -16.682319 -5.391359 -17.033098 -48.604917 -39.818019 9.481902 -14.885832 -4.834106 20.660101 14.655703 9.484030 -4.286454 -8.551534 6.292080 0.063154 2.238803 -0.000006 0.000001 -0.000007 -3.934154 -1.323364 -25.489380 -4.188176 -5.680753 -64.829178 0.000001 0.000003 0.000013 -4.580552 -6.588307 -46.528966 -5.256336 -5.376786 -75.306749 0.000007 -0.000006 -0.000008 2.304967 -11.095545 -44.412199 -4.410441 -2.778514 -85.197867 0.000000 0.000002 0.000002 7.211560 -14.470164 -53.965062 -6.104030 0.523076 -76.883109 -0.000009 -0.000001 -0.000008 4.445199 1.643277 17.326289 -34.415233 5.179133 44.262098 12.824644 8.559889 11.324659 1.155951 21.513277 -0.357104 -11.980039 -5.725711 0.477288 -0.608529 27.026027 -5.878926 0.000013 0.000000 -0.000023 -1.394435 -1.349326 6.136991 1.803637 -4.607300 44.945305 -0.000002 0.000001 -0.000001 -2.583513 -3.040078 18.242645 1.376676 -4.765493 50.826030 -0.000001 -0.000001 -0.000002 0.815619 -0.951895 26.665320 5.871171 -1.432370 64.914227 -0.000001 -0.000001 -0.000001 6.171874 -1.845821 30.728946 10.206191 -1.082604 76.004166 -0.000007 -0.000009 -0.000005 11.574892 -7.788042 10.987445 20.567329 40.161963 10.558053 0.131366 2.739677 -23.163492 3.887937 -32.454317 -1.762293 -6.747454 -29.875688 -2.802562 -34.548903 11.941994 -18.858526 -0.044174 6.972341 4.386441 -3.463433 -7.809506 3.326076 
1.172112 95.776703 14.875248 -137.155280 5.304697 -0.992845 -4.082268 -1.027347 0.474547 -8.346314 -1.934173 1.788617 -8.346314 -1.934174 1.788618 -3.772433 -0.292129 0.728092 -13.521853 6.094135 4.266585 -16.580921 0.435475 -16.628768 -4.463313 -15.990842 -48.583030 -41.205500 9.821849 -14.785268 -7.147363 20.288233 15.264585 9.484019 -4.286456 -8.551536 6.254220 0.561049 2.333026 -0.000007 -0.000001 -0.000002 -3.786494 -1.294964 -28.997158 -4.170411 -5.650860 -68.466923 -0.000001 0.000003 0.000010 -4.727833 -6.763145 -49.803803 -5.355056 -5.835692 -81.096953 0.000002 -0.000000 -0.000006 2.380687 -11.103115 -47.381012 -4.420780 -3.058988 -88.261275 0.000002 -0.000003 -0.000003 7.258135 -14.530734 -57.231917 -6.172766 0.129306 -80.150890 -0.000006 -0.000003 -0.000010 3.861553 1.635534 18.036308 -36.065991 7.026335 43.258627 12.405176 9.877032 12.317666 0.761930 22.349713 2.067359 -11.737953 -5.889425 0.382281 -0.974398 27.172938 -5.693951 0.000009 -0.000001 -0.000020 -1.085599 -1.463613 4.525740 1.874386 -4.760453 42.712837 -0.000003 0.000002 0.000002 -2.583286 -3.062690 16.469881 1.261686 -4.670530 48.431150 0.000001 -0.000002 -0.000002 0.468196 -0.810970 22.790466 5.654764 -1.009816 60.534594 -0.000001 0.000001 0.000000 5.227589 -1.361551 25.945669 9.889096 -0.324968 70.557309 -0.000007 -0.000009 -0.000005 11.548709 -7.844032 12.548069 20.676796 42.147776 11.366526 -1.193308 9.140437 -24.847573 7.482903 -37.173086 -6.821892 -7.735477 -30.335452 -0.976113 -32.203054 15.996163 -18.611068 -0.029837 6.375906 5.891859 -3.553553 -7.060228 3.399151 
0.925990 95.486595 11.553879 -141.223177 5.238422 -1.078780 -3.845107 -0.958566 0.498125 -7.912061 -1.805240 1.793460 -7.912066 -1.805238 1.793462 -3.456010 -1.181225 0.112575 -13.088563 5.310221 4.143750 -16.520445 0.351115 -17.109043 -3.237421 -14.761779 -48.519687 -41.625557 10.250356 -14.737622 -8.476570 19.798908 15.209325 9.484025 -4.286450 -8.551537 5.986769 2.416040 1.807858 -0.000004 0.000000 -0.000003 -3.873649 -1.483008 -33.500148 -4.157087 -5.628001 -71.911838 0.000001 0.000005 0.000008 -5.172495 -7.214061 -53.931017 -5.403586 -6.285247 -86.604128 0.000005 0.000002 -0.000005 2.371364 -11.220164 -51.617976 -4.422253 -3.345180 -91.683357 0.000001 -0.000001 0.000003 7.467510 -14.587336 -60.887148 -6.224938 -0.254931 -83.466824 -0.000008 0.000003 -0.000004 3.461908 1.668126 17.943699 -37.692044 8.887681 42.823295 13.251369 10.725459 12.842356 0.352478 23.449397 3.224437 -11.255295 -6.228297 0.130052 -0.776765 26.997933 -5.564483 0.000011 -0.000006 -0.000021 -0.722007 -1.534723 4.888607 1.873704 -4.860435 43.270249 -0.000001 0.000001 0.000001 -2.382847 -3.111639 16.737452 1.253952 -4.685476 48.512337 -0.000002 0.000001 -0.000001 0.158526 -0.692030 19.956537 5.496338 -0.748582 57.698119 -0.000001 -0.000001 -0.000003 4.331160 -0.934794 22.270983 9.623765 0.143825 66.906969 -0.000007 -0.000008 -0.000006 11.295386 -8.442772 13.074028 21.185655 45.304843 13.436691 -2.402038 18.043857 -21.205166 15.935917 -40.246630 -21.331697 -9.070271 -31.153367 0.498008 -28.928231 22.226954 -17.745246 -0.317436 1.688592 6.198798 -3.551243 -4.940828 3.372106 
0.757665 95.205322 8.554882 -145.841218 4.612842 -1.218935 -3.306908 -0.701385 0.535316 -6.834274 -1.314279 1.736217 -6.834284 -1.314280 1.736218 -3.196431 -1.751200 -0.517898 -12.849135 3.778896 4.435749 -16.945331 0.234430 -17.551015 -2.373131 -14.024039 -48.303590 -40.769447 10.850506 -14.701004 -9.264860 19.612834 15.074233 9.484020 -4.286456 -8.551541 5.755457 4.108911 1.183985 -0.000002 0.000001 0.000000 -3.954882 -1.673807 -37.674606 -4.148267 -5.637096 -75.177713 0.000003 0.000006 0.000009 -5.589441 -7.711299 -57.946676 -5.408189 -6.708392 -91.655873 0.000005 0.000002 -0.000008 2.465361 -11.369980 -56.206737 -4.409206 -3.622490 -95.172812 -0.000000 -0.000005 0.000000 7.693273 -14.641953 -64.684828 -6.255691 -0.619752 -86.652834 -0.000006 -0.000000 -0.000006 3.578737 1.679916 17.613485 -38.265086 10.007007 43.517294 14.117102 10.906978 12.852336 -0.123554 24.769247 3.764758 -10.439761 -6.695888 -0.222590 -0.940227 27.062821 -5.287924 0.000016 -0.000003 -0.000019 -0.423907 -1.698244 8.816416 1.805990 -4.916428 46.521446 0.000001 -0.000001 -0.000000 -1.909241 -3.287200 20.379903 1.344250 -4.846408 51.373807 0.000001 -0.000001 -0.000004 0.080308 -0.687789 19.856431 5.525604 -0.755014 58.003572 -0.000002 -0.000001 -0.000001 3.792651 -0.712781 21.253450 9.558098 0.180237 66.250294 -0.000004 -0.000010 -0.000006 11.386158 -9.563898 12.010765 15.762130 50.918616 12.137863 -1.889192 23.300765 -14.332865 18.903766 -34.858656 -31.920069 -10.174610 -31.173004 1.221569 -24.342869 27.957508 -14.681915 -0.496639 -2.790952 4.316788 -3.326425 -3.441956 3.143828 
0.636584 95.221840 5.614831 -151.272393 3.716298 -1.346261 -2.589385 -0.372999 0.544984 -5.345719 -0.693090 1.497773 -5.345725 -0.693089 1.497774 -2.981051 -1.934442 -0.693292 -12.133875 2.479865 4.473138 -17.203197 0.231191 -17.454991 -1.486490 -13.458367 -48.485761 -38.810648 11.482932 -14.561031 -9.726294 19.541639 15.442716 9.484022 -4.286462 -8.551540 5.969330 3.740011 1.447245 0.000001 0.000002 -0.000006 -3.916890 -1.619729 -39.980601 -4.142831 -5.637890 -77.905049 0.000003 0.000009 0.000010 -5.632917 -7.817823 -60.142944 -5.383888 -7.063138 -95.918792 0.000006 -0.000001 -0.000007 2.782719 -11.395339 -59.030108 -4.381317 -3.869731 -98.182002 0.000000 -0.000000 -0.000001 7.763273 -14.709164 -68.031908 -6.261519 -0.958123 -89.445548 -0.000008 -0.000001 -0.000009 4.180564 1.630467 17.802185 -36.938701 9.565107 44.778099 14.715380 11.318689 13.131432 -0.481386 26.416604 3.602275 -9.728906 -8.015465 -1.195532 -2.236607 28.112502 -4.578808 0.000015 -0.000008 -0.000023 -0.624124 -2.046628 17.410191 1.704578 -4.919383 51.368193 -0.000002 0.000002 0.000001 -1.492650 -3.686166 28.149332 1.475245 -5.170027 56.611770 0.000002 -0.000000 -0.000000 0.781886 -1.110761 24.910185 5.727528 -1.016065 61.261401 0.000002 0.000000 0.000001 4.025898 -1.019481 24.593131 9.743227 -0.195025 68.873005 -0.000005 -0.000008 -0.000005 12.137781 -11.134634 9.733429 1.666767 57.982651 2.782982 -0.712549 19.385986 -9.684067 1.532626 -7.169580 -3.309182 -10.665938 -29.608293 1.939817 -18.427627 30.998493 -10.175678 -0.461227 -5.841518 1.912511 -2.750601 -3.128277 2.596909 
0.539347 95.598244 2.589330 -157.025407 2.710438 -1.437715 -1.909921 -0.057706 0.537037 -3.912199 -0.089040 1.233230 -3.912199 -0.089039 1.233231 -2.549206 -1.830655 -0.820257 -10.622224 1.831344 4.136352 -17.058010 0.271377 -17.303569 -0.266771 -12.617818 -48.986875 -36.556702 12.090972 -14.448126 -9.936060 19.325219 15.644960 9.484026 -4.286459 -8.551538 6.158250 3.050683 2.011809 -0.000002 -0.000001 -0.000006 -3.926172 -1.517297 -41.378519 -4.139828 -5.625022 -79.934080 0.000005 0.000003 0.000009 -5.592689 -7.799826 -61.421016 -5.347640 -7.333380 -99.200418 0.000005 -0.000000 -0.000009 3.114633 -11.387563 -60.896409 -4.346436 -4.079648 -100.658103 0.000000 -0.000002 0.000002 7.833652 -14.775415 -70.804610 -6.252342 -1.254040 -91.832064 -0.000007 -0.000001 -0.000009 4.985089 1.563880 18.011641 -34.046915 8.016158 46.448473 17.714514 11.889854 13.676555 -0.444188 27.794442 2.802048 -9.048841 -9.725813 -2.502211 -3.498971 29.208027 -3.841902 0.000011 -0.000001 -0.000021 -1.062182 -2.281106 26.953723 1.601083 -4.870243 56.749259 0.000001 0.000000 0.000001 -1.256306 -4.151202 36.985017 1.601310 -5.541656 62.491095 0.000002 -0.000001 0.000000 1.757190 -1.826888 32.430684 5.969923 -1.432064 65.899052 0.000001 -0.000001 0.000000 4.796482 -1.692967 30.394253 9.995763 -0.839167 73.119784 -0.000006 -0.000008 -0.000005 12.398462 -13.336366 7.528071 -8.439726 63.194693 -5.777182 -0.030706 11.622880 -7.529487 2.110647 -2.320620 -2.954113 -10.670885 -26.658124 2.745094 -12.034179 31.299591 -5.614503 -0.273319 -7.603791 -0.373798 -2.127375 -3.333433 2.009924 
0.423510 96.154510 -0.452996 -162.431625 1.893947 -1.648445 -1.380049 0.161795 0.561038 -2.795533 0.336568 1.099775 -2.795528 0.336567 1.099775 -1.906491 -1.505463 -1.018690 -8.522335 1.678723 3.565491 -16.545969 0.330796 -17.202467 1.112517 -11.404299 -49.550229 -34.762173 12.924839 -14.507455 -9.786907 19.065512 14.656625 9.484028 -4.286458 -8.551535 6.142887 2.931143 2.248036 -0.000004 -0.000001 -0.000006 -3.955209 -1.517552 -42.665856 -4.138494 -5.620545 -81.264600 0.000000 0.000006 0.000013 -5.655555 -7.874140 -62.545736 -5.317742 -7.497790 -101.265402 0.000003 -0.000002 -0.000006 3.276635 -11.422761 -62.832508 -4.311115 -4.250853 -102.764458 -0.000000 -0.000001 0.000003 7.938340 -14.829292 -73.038136 -6.237693 -1.491534 -93.812880 -0.000009 -0.000004 -0.000008 5.799071 1.515884 17.923144 -30.458870 6.371185 48.603821 20.553397 11.747276 14.265448 -0.040317 27.664344 1.485329 -8.152746 -10.519351 -3.108464 -4.419705 29.675318 -3.381564 0.000011 0.000000 -0.000023 -1.296697 -2.402163 34.959487 1.517165 -4.793537 61.728477 0.000000 -0.000001 0.000000 -1.060362 -4.580217 44.594797 1.692621 -5.899093 67.987047 0.000001 0.000000 0.000000 2.502461 -2.529339 39.579908 6.195216 -1.930666 71.145696 -0.000002 -0.000001 -0.000001 5.555392 -2.386735 36.218157 10.205815 -1.608889 77.857067 -0.000009 -0.000009 -0.000007 11.579922 -16.417376 6.195788 -5.434691 66.641630 -3.943797 0.304341 6.387000 -5.221934 1.855075 -0.852342 -1.774945 -10.480775 -23.041525 3.651388 -6.204813 29.713478 -2.053217 -0.027626 -8.487232 -2.129442 -1.635888 -3.730803 1.548299 
0.303653 96.790657 -3.472036 -167.679682 1.440152 -1.829041 -0.831767 0.245301 0.581537 -1.657477 0.494913 0.971910 -1.657475 0.494913 0.971911 -1.307613 -1.008975 -1.173861 -6.442578 1.970630 2.940276 -15.925768 0.400895 -17.085085 2.684125 -9.730454 -50.053368 -33.808818 14.004751 -14.722994 -9.409001 18.876298 12.855101 9.484028 -4.286456 -8.551538 6.178590 2.862019 2.262136 0.000001 0.000005 -0.000009 -3.985797 -1.560130 -43.359588 -4.138239 -5.632278 -81.812204 0.000001 0.000009 0.000009 -5.685886 -7.954238 -63.180766 -5.305396 -7.557318 -102.006232 0.000004 -0.000001 -0.000007 3.347203 -11.469670 -64.528349 -4.281444 -4.374228 -104.341214 -0.000001 -0.000003 0.000001 8.004425 -14.866650 -74.776460 -6.222222 -1.661351 -95.226989 -0.000009 -0.000000 -0.000008 6.453636 1.482647 17.794345 -26.759110 4.753404 50.879797 22.930279 11.076804 14.826360 1.279493 25.756553 -1.245092 -7.426302 -10.400303 -2.975292 -4.940792 29.669310 -3.226617 0.000015 0.000000 -0.000022 -1.283670 -2.490527 40.239189 1.462348 -4.755899 65.652912 -0.000002 0.000000 0.000000 -0.862637 -4.866408 49.239370 1.747121 -6.151749 71.882448 -0.000006 -0.000001 0.000002 2.973866 -3.035177 45.023562 6.351331 -2.407705 75.904637 -0.000000 -0.000000 -0.000002 6.019331 -2.882986 40.820356 10.337244 -2.353859 82.274218 -0.000009 -0.000009 -0.000006 10.296042 -20.088343 5.208967 -1.748509 67.895625 -1.118027 0.436487 3.510778 -2.549390 1.164422 -1.364931 -1.330708 -10.129238 -19.307589 4.465107 -0.837873 26.916087 0.430674 0.205215 -8.728728 -3.352212 -1.250665 -4.177775 1.186762 
0.196462 97.429916 -6.491461 -172.785030 1.203239 -1.799827 -0.224110 0.239202 0.539707 -0.422712 0.478519 0.747169 -0.422712 0.478519 0.747169 -0.838542 -0.465712 -1.206565 -4.587970 2.448575 2.293280 -15.310861 0.470216 -16.961204 4.596677 -7.782960 -50.612139 -33.490306 14.901953 -14.864858 -9.348048 18.856489 11.351062 9.484025 -4.286458 -8.551540 6.401562 2.733690 2.296216 -0.000002 0.000005 -0.000008 -3.937826 -1.561585 -43.385085 -4.138228 -5.642526 -81.871531 0.000003 0.000009 0.000009 -5.676272 -7.952429 -63.174325 -5.305210 -7.557796 -102.009189 0.000005 -0.000002 -0.000006 3.395592 -11.486269 -65.281172 -4.265069 -4.436714 -105.059511 -0.000002 -0.000002 0.000000 8.025669 -14.887147 -75.737762 -6.211251 -1.753389 -95.936612 -0.000006 -0.000003 -0.000006 6.981330 1.443751 17.840989 -23.092018 2.833263 52.970979 24.636731 10.698616 15.332853 2.993990 23.701759 -4.576211 -7.368032 -10.067335 -2.735646 -4.685786 29.331558 -3.324357 0.000015 -0.000005 -0.000020 -1.253883 -2.430744 40.715584 1.443541 -4.721457 67.053217 -0.000000 -0.000000 -0.000001 -0.742994 -4.901422 49.935971 1.770561 -6.231301 73.207593 -0.000003 0.000000 -0.000001 3.143139 -3.166074 47.547617 6.426277 -2.752630 79.153444 -0.000000 -0.000001 -0.000001 6.317653 -3.140453 43.595045 10.394812 -2.915921 85.539875 -0.000009 -0.000009 -0.000007 8.513643 -23.868781 4.299641 -2.011943 67.007475 -1.317749 0.426495 1.365744 -1.300485 0.169960 -2.496400 -1.252031 -9.608340 -15.576854 4.841014 4.150381 23.492010 2.016807 0.392765 -8.630210 -4.103575 -0.948335 -4.533784 0.902685 
0.073748 97.952461 -9.559641 -177.288679 1.018116 -1.671863 0.333473 0.192031 0.448424 0.692331 0.384899 0.501503 0.692332 0.384899 0.501503 -0.455741 -0.004167 -1.207878 -3.031091 2.741124 1.763015 -14.780032 0.528443 -16.858239 6.507682 -6.046920 -51.339848 -33.266061 15.327501 -14.916737 -9.550061 19.150763 10.846227 9.484022 -4.286456 -8.551538 6.719939 2.305145 2.442302 -0.000002 0.000007 -0.000004 -3.815797 -1.496446 -43.048862 -4.138232 -5.647967 -81.903121 0.000004 0.000009 0.000010 -5.633678 -7.871290 -62.831259 -5.304946 -7.559063 -102.017003 0.000003 0.000002 -0.000007 3.460800 -11.466655 -65.028687 -4.263486 -4.443024 -105.075938 0.000002 -0.000001 -0.000001 8.009179 -14.890009 -75.919328 -6.208614 -1.767364 -95.979020 -0.000005 -0.000002 -0.000009 7.420698 1.406102 17.936015 -19.221206 0.588479 54.825877 25.282316 10.594605 15.739590 3.712688 22.315449 -5.853429 -7.373433 -9.524889 -2.323199 -4.374235 28.885352 -3.477217 0.000013 -0.000003 -0.000021 -1.256381 -2.362791 39.676395 1.443768 -4.708762 66.955163 -0.000002 -0.000001 -0.000000 -0.704275 -4.849395 49.191777 1.774258 -6.218475 73.082642 -0.000000 0.000001 0.000002 3.174319 -3.140064 48.063290 6.447282 -2.885233 80.363726 0.000000 -0.000000 -0.000001 6.463569 -3.171584 44.296973 10.409615 -3.138664 86.845227 -0.000007 -0.000007 -0.000003 6.328001 -27.591043 4.014496 -2.067610 64.356016 -1.089659 0.379886 0.058212 -1.278497 -1.825144 -3.867762 0.134451 -9.036812 -11.892315 4.723294 8.414544 20.077887 2.894086 0.539542 -8.614299 -4.473162 -0.669878 -4.893903 0.640982 
