HIERARCHY
ROOT mixamorig:Hips
{
	OFFSET 0.000000 99.791901 0.000000
	CHANNELS 6 Xposition Yposition Zposition Yrotation Xrotation Zrotation
	JOINT mixamorig:Spine
	{
		OFFSET 0.000038 9.923500 -1.227300
		CHANNELS 3 Yrotation Xrotation Zrotation
		JOINT mixamorig:Spine1
		{
			OFFSET -0.001154 11.645462 -1.422353
			CHANNELS 3 Yrotation Xrotation Zrotation
			JOINT mixamorig:Spine2
			{
				OFFSET -0.001065 13.360161 -1.626458
				CHANNELS 3 Yrotation Xrotation Zrotation
				JOINT mixamorig:Neck
				{
					OFFSET -0.001308 15.032516 0.792905
					CHANNELS 3 Yrotation Xrotation Zrotation
					JOINT mixamorig:Head
					{
						OFFSET -0.000902 10.321808 3.142400
						CHANNELS 3 Yrotation Xrotation Zrotation
						End Site
						{
							OFFSET -0.001707 19.630493 -0.000000
						}
					}
				}
				JOINT mixamorig:LeftShoulder
				{
					OFFSET 6.105007 9.110962 0.705601
					CHANNELS 3 Yrotation Xrotation Zrotation
					JOINT mixamorig:LeftArm
					{
						OFFSET 12.655048 -0.266434 -2.600898
						CHANNELS 3 Yrotation Xrotation Zrotation
						JOINT mixamorig:LeftForeArm
						{
							OFFSET 27.404696 0.000000 0.000000
							CHANNELS 3 Yrotation Xrotation Zrotation
							JOINT mixamorig:LeftHand
							{
								OFFSET 27.614513 0.000000 0.000000
								CHANNELS 3 Yrotation Xrotation Zrotation
								JOINT mixamorig:LeftHandThumb1
								{
									OFFSET 3.788795 -2.167099 3.003002
									CHANNELS 3 Yrotation Xrotation Zrotation
									JOINT mixamorig:LeftHandThumb2
									{
										OFFSET 3.675461 -2.122025 2.122029
										CHANNELS 3 Yrotation Xrotation Zrotation
										JOINT mixamorig:LeftHandThumb3
										{
											OFFSET 3.394363 -1.959732 1.959735
											CHANNELS 3 Yrotation Xrotation Zrotation
											End Site
											{
												OFFSET 2.679413 -1.546967 1.546960
											}
										}
									}
								}
								JOINT mixamorig:LeftHandIndex1
								{
									OFFSET 12.266594 -0.231796 2.822001
									CHANNELS 3 Yrotation Xrotation Zrotation
									JOINT mixamorig:LeftHandIndex2
									{
										OFFSET 3.891998 0.000000 0.000000
										CHANNELS 3 Yrotation Xrotation Zrotation
										JOINT mixamorig:LeftHandIndex3
										{
											OFFSET 3.415207 0.000000 0.000000
											CHANNELS 3 Yrotation Xrotation Zrotation
											End Site
											{
												OFFSET 3.077995 0.000000 0.000000
											}
										}
									}
								}
								JOINT mixamorig:LeftHandMiddle1
								{
									OFFSET 12.775497 0.000000 0.000000
									CHANNELS 3 Yrotation Xrotation Zrotation
									JOINT mixamorig:LeftHandMiddle2
									{
										OFFSET 3.613998 0.000000 0.000000
										CHANNELS 3 Yrotation Xrotation Zrotation
										JOINT mixamorig:LeftHandMiddle3
										{
											OFFSET 3.459793 0.000000 0.000000
											CHANNELS 3 Yrotation Xrotation Zrotation
											End Site
											{
												OFFSET 3.680214 0.000000 0.000000
											}
										}
									}
								}
								JOINT mixamorig:LeftHandRing1
								{
									OFFSET 12.146996 0.009995 -2.216599
									CHANNELS 3 Yrotation Xrotation Zrotation
									JOINT mixamorig:LeftHandRing2
									{
										OFFSET 3.601196 0.000000 0.000000
										CHANNELS 3 Yrotation Xrotation Zrotation
										JOINT mixamorig:LeftHandRing3
										{
											OFFSET 3.307304 0.000000 0.000000
											CHANNELS 3 Yrotation Xrotation Zrotation
											End Site
											{
												OFFSET 3.660095 0.000000 0.000000
											}
										}
									}
								}
								JOINT mixamorig:LeftHandPinky1
								{
									OFFSET 10.908195 -0.226105 -4.725800
									CHANNELS 3 Yrotation Xrotation Zrotation
									JOINT mixamorig:LeftHandPinky2
									{
										OFFSET 4.136703 0.000000 0.000000
										CHANNELS 3 Yrotation Xrotation Zrotation
										JOINT mixamorig:LeftHandPinky3
										{
											OFFSET 2.594803 0.000000 0.000000
											CHANNELS 3 Yrotation Xrotation Zrotation
											End Site
											{
												OFFSET 2.923904 0.000000 0.000000
											}
										}
									}
								}
							}
						}
					}
				}
				JOINT mixamorig:RightShoulder
				{
					OFFSET -6.106493 9.110001 0.705582
					CHANNELS 3 Yrotation Xrotation Zrotation
					JOINT mixamorig:RightArm
					{
						OFFSET -12.655064 -0.265533 -2.600914
						CHANNELS 3 Yrotation Xrotation Zrotation
						JOINT mixamorig:RightForeArm
						{
							OFFSET -27.404697 0.000000 -0.000000
							CHANNELS 3 Yrotation Xrotation Zrotation
							JOINT mixamorig:RightHand
							{
								OFFSET -27.614510 0.000000 -0.000000
								CHANNELS 3 Yrotation Xrotation Zrotation
								JOINT mixamorig:RightHandThumb1
								{
									OFFSET -3.788803 -2.167099 3.003001
									CHANNELS 3 Yrotation Xrotation Zrotation
									JOINT mixamorig:RightHandThumb2
									{
										OFFSET -3.675461 -2.122025 2.122028
										CHANNELS 3 Yrotation Xrotation Zrotation
										JOINT mixamorig:RightHandThumb3
										{
											OFFSET -3.394363 -1.959732 1.959735
											CHANNELS 3 Yrotation Xrotation Zrotation
											End Site
											{
												OFFSET -2.679413 -1.546967 1.546959
											}
										}
									}
								}
								JOINT mixamorig:RightHandIndex1
								{
									OFFSET -12.266602 -0.231796 2.822000
									CHANNELS 3 Yrotation Xrotation Zrotation
									JOINT mixamorig:RightHandIndex2
									{
										OFFSET -3.891998 0.000000 0.000000
										CHANNELS 3 Yrotation Xrotation Zrotation
										JOINT mixamorig:RightHandIndex3
										{
											OFFSET -3.415207 0.000000 0.000000
											CHANNELS 3 Yrotation Xrotation Zrotation
											End Site
											{
												OFFSET -3.077995 0.000000 0.000000
											}
										}
									}
								}
								JOINT mixamorig:RightHandMiddle1
								{
									OFFSET -12.775505 0.000000 -0.000000
									CHANNELS 3 Yrotation Xrotation Zrotation
									JOINT mixamorig:RightHandMiddle2
									{
										OFFSET -3.613998 0.000000 0.000000
										CHANNELS 3 Yrotation Xrotation Zrotation
										JOINT mixamorig:RightHandMiddle3
										{
											OFFSET -3.459793 0.000000 0.000000
											CHANNELS 3 Yrotation Xrotation Zrotation
											End Site
											{
												OFFSET -3.680214 0.000000 0.000000
											}
										}
									}
								}
								JOINT mixamorig:RightHandRing1
								{
									OFFSET -12.147003 0.009995 -2.216600
									CHANNELS 3 Yrotation Xrotation Zrotation
									JOINT mixamorig:RightHandRing2
									{
										OFFSET -3.601196 0.000000 0.000000
										CHANNELS 3 Yrotation Xrotation Zrotation
										JOINT mixamorig:RightHandRing3
										{
											OFFSET -3.307304 0.000000 0.000000
											CHANNELS 3 Yrotation Xrotation Zrotation
											End Site
											{
												OFFSET -3.660103 0.000000 0.000000
											}
										}
									}
								}
								JOINT mixamorig:RightHandPinky1
								{
									OFFSET -10.908203 -0.226105 -4.725801
									CHANNELS 3 Yrotation Xrotation Zrotation
									JOINT mixamorig:RightHandPinky2
									{
										OFFSET -4.136703 0.000000 0.000000
										CHANNELS 3 Yrotation Xrotation Zrotation
										JOINT mixamorig:RightHandPinky3
										{
											OFFSET -2.594803 0.000000 0.000000
											CHANNELS 3 Yrotation Xrotation Zrotation
											End Site
											{
												OFFSET -2.923904 0.000000 0.000000
											}
										}
									}
								}
							}
						}
					}
				}
			}
		}
	}
	JOINT mixamorig:LeftUpLeg
	{
		OFFSET 9.124481 -6.656403 -0.055368
		CHANNELS 3 Yrotation Xrotation Zrotation
		JOINT mixamorig:LeftLeg
		{
			OFFSET 0.244688 -40.595383 -0.515629
			CHANNELS 3 Yrotation Xrotation Zrotation
			JOINT mixamorig:LeftFoot
			{
				OFFSET -0.244684 -42.047905 -2.059130
				CHANNELS 3 Yrotation Xrotation Zrotation
				JOINT mixamorig:LeftToeBase
				{
					OFFSET 0.373535 -7.208565 13.966596
					CHANNELS 3 Yrotation Xrotation Zrotation
					End Site
					{
						OFFSET -0.142057 -0.175231 9.997458
					}
				}
			}
		}
	}
	JOINT mixamorig:RightUpLeg
	{
		OFFSET -9.124419 -6.656395 -0.055432
		CHANNELS 3 Yrotation Xrotation Zrotation
		JOINT mixamorig:RightLeg
		{
			OFFSET -0.244683 -40.595413 -0.514284
			CHANNELS 3 Yrotation Xrotation Zrotation
			JOINT mixamorig:RightFoot
			{
				OFFSET 0.244687 -42.047836 -2.060526
				CHANNELS 3 Yrotation Xrotation Zrotation
				JOINT mixamorig:RightToeBase
				{
					OFFSET -0.373540 -7.208565 13.966594
					CHANNELS 3 Yrotation Xrotation Zrotation
					End Site
					{
						OFFSET 0.141792 -0.175015 9.997463
					}
				}
			}
		}
	}
}
MOTION
Frames: 32
Frame Time: 0.033333
-0.075552 97.953438 0.072098 2.711141 1.018121 -1.672604 0.333688 0.192053 0.449200 0.692430 0.384951 0.501575 0.692431 0.384952 0.501574 -0.455992 -0.004307 -1.208055 -3.031088 2.741123 1.763015 -14.780280 0.528255 -16.858439 6.507682 -6.046920 -51.339858 -33.266064 15.327508 -14.916718 -9.550081 19.150742 10.846185 9.484054 -4.286430 -8.551527 6.720077 2.305235 2.442351 0.000008 0.000006 -0.000001 -3.815773 -1.496454 -43.048958 -4.138184 -5.647984 -81.903155 -0.000002 -0.000000 0.000001 -5.633653 -7.871271 -62.831334 -5.299854 -7.558101 -102.017748 0.000002 -0.000001 -0.000001 3.460788 -11.466636 -65.028756 -4.268109 -4.444145 -105.075733 0.000000 0.000000 0.000002 8.009187 -14.890263 -75.919335 -6.208633 -1.767357 -95.979218 -0.000004 0.000002 -0.000001 7.420446 1.405939 17.936084 -19.221206 0.588480 54.825905 25.282341 10.594593 15.739618 3.712706 22.315463 -5.853302 -7.373643 -9.524840 -2.323327 -4.374734 28.885362 -3.477581 0.000011 0.000005 -0.000013 -1.256396 -2.362796 39.676555 1.443779 -4.708814 66.955470 0.000001 -0.000005 -0.000001 -0.704246 -4.849434 49.191992 1.774233 -6.218503 73.083079 0.000002 0.000001 0.000004 3.174373 -3.140071 48.063508 6.447230 -2.885270 80.363944 -0.000003 0.000001 -0.000001 6.463662 -3.171521 44.297171 10.409600 -3.138723 86.845370 0.000010 -0.000001 0.000000 6.326687 -27.594830 4.016333 -2.067983 64.355463 -1.089997 0.379853 0.062490 -1.279377 -1.825151 -3.867778 0.134477 -9.043360 -11.933136 4.739498 8.405576 20.157294 2.904689 0.552943 -8.650071 -4.606455 -0.669878 -4.893905 0.640982 
-0.181926 98.500542 5.497797 1.369512 1.020050 -1.686345 0.665041 0.210705 0.266322 1.339579 0.424856 0.159489 1.339580 0.424853 0.159489 -0.617488 0.538254 -0.469646 -2.946976 2.301918 1.433398 -13.561372 0.832644 -16.062071 10.259572 -3.189912 -53.980976 -31.569035 14.790534 -13.433543 -10.602027 21.188456 9.476771 9.484063 -4.286422 -8.551525 6.720074 2.305228 2.442350 0.000001 0.000000 0.000000 -3.967058 -1.442250 -41.506462 -4.076542 -5.285539 -78.894361 0.000005 -0.000001 -0.000002 -5.787421 -7.781798 -61.300265 -5.360151 -7.235932 -98.990621 0.000005 -0.000004 0.000001 3.291930 -11.344261 -63.494825 -4.311927 -4.262116 -102.041134 -0.000000 -0.000001 0.000001 7.825382 -14.761808 -74.375678 -6.213677 -1.702614 -92.942783 -0.000002 -0.000003 0.000004 8.179597 1.315529 17.177999 -21.663579 -2.095413 55.187416 34.837469 6.732012 17.678898 -2.716552 25.041287 -5.590450 -6.849583 -9.384178 -1.494045 -4.441632 27.915658 -3.330408 0.000006 0.000006 -0.000006 -1.215400 -2.448023 41.492050 1.480540 -4.801773 68.085730 0.000003 -0.000004 -0.000001 -0.594038 -4.988166 50.639630 1.800719 -6.307151 74.117272 0.000000 0.000001 0.000004 3.310226 -3.278828 49.315673 6.473104 -2.991713 81.568592 -0.000003 0.000001 0.000000 6.658697 -3.342668 45.450206 10.430235 -3.230607 88.155134 0.000009 -0.000001 0.000002 6.418079 -31.034607 3.178883 2.194694 57.178836 1.818003 0.392460 -2.530707 -0.751293 -0.340166 -4.435026 -0.416545 -9.540492 -7.370057 4.391430 9.311847 18.266614 3.070356 0.753295 -9.090179 -5.138382 -0.683062 -5.177308 0.501687 
-0.250966 98.473953 10.856868 0.239652 0.894215 -1.915069 0.950211 0.320926 0.159180 1.900192 0.647774 -0.022206 1.900191 0.647775 -0.022206 -0.851653 0.599201 0.510472 -2.711111 2.129946 0.780635 -13.023655 0.922954 -16.206958 13.071607 0.835440 -54.294441 -32.271326 15.386408 -13.447843 -10.285366 19.963635 9.708067 9.484062 -4.286428 -8.551521 6.720073 2.305231 2.442353 0.000001 -0.000000 -0.000001 -4.106121 -1.367387 -39.723745 -3.987099 -4.892099 -75.594109 -0.000000 -0.000000 -0.000002 -5.933165 -7.666962 -59.530734 -5.411307 -6.880219 -95.671088 0.000004 -0.000003 0.000002 3.127900 -11.202052 -61.722220 -4.344627 -4.058956 -98.712455 -0.000000 0.000000 0.000000 7.645194 -14.605209 -72.594386 -6.215255 -1.631365 -89.610757 -0.000004 0.000000 0.000000 8.604453 1.331416 16.003905 -19.255314 -5.979632 55.408906 39.297866 4.763604 18.547987 -7.409820 24.325181 -6.824097 -6.122636 -9.255429 -0.581357 -3.922417 27.307983 -3.344899 0.000008 0.000003 -0.000010 -1.154840 -2.517608 42.836593 1.521444 -4.905980 69.209808 0.000003 -0.000002 -0.000001 -0.530801 -5.077967 51.900681 1.828268 -6.402219 75.205075 -0.000000 0.000003 0.000005 3.424183 -3.382333 50.459344 6.496161 -3.095824 82.754476 -0.000003 0.000000 0.000001 6.768980 -3.439899 46.530742 10.450166 -3.327914 89.565036 0.000012 0.000001 0.000006 5.777733 -32.923274 2.804678 5.372851 47.301502 3.560871 0.328303 -4.582739 0.030017 3.755691 -5.558471 -3.949716 -10.094556 -3.387911 3.814281 10.413188 17.618340 3.737134 0.968652 -10.237479 -5.602295 -0.789593 -5.313119 0.531376 
-0.259599 97.991272 16.434704 -0.565707 0.689645 -2.089642 1.169082 0.375564 0.100453 2.335305 0.758671 -0.107396 2.335305 0.758671 -0.107395 -0.994599 1.550510 1.177847 -2.507528 1.532705 0.349018 -12.109178 1.121672 -15.869393 14.909080 4.150873 -55.384191 -31.156598 16.421855 -13.447415 -10.850654 19.556679 9.740331 9.484063 -4.286426 -8.551524 6.720072 2.305234 2.442347 0.000008 0.000003 -0.000002 -4.239910 -1.276300 -37.857491 -3.871298 -4.492562 -72.193208 -0.000002 0.000000 -0.000001 -6.073967 -7.535139 -57.678769 -5.437370 -6.510488 -92.252462 0.000001 -0.000006 0.000004 2.970252 -11.043899 -59.867947 -4.370172 -3.848694 -95.281562 -0.000002 -0.000003 0.000002 7.471222 -14.429422 -70.732551 -6.212541 -1.557964 -86.175984 -0.000000 -0.000001 -0.000001 9.058509 1.336057 15.003581 -15.472776 -9.995406 55.006939 41.317822 3.704242 17.871251 -10.269213 23.176053 -8.225079 -5.297539 -9.131690 0.366201 -3.756753 26.760015 -3.289059 0.000009 0.000001 -0.000008 -1.162292 -2.552192 44.258195 1.565817 -5.021278 70.322801 -0.000004 -0.000002 -0.000000 -0.489645 -5.144672 53.107364 1.856170 -6.499614 76.292059 -0.000001 0.000000 0.000005 3.525094 -3.484485 51.646096 6.505695 -3.191114 83.878275 0.000000 0.000001 0.000001 6.931197 -3.528980 47.467370 10.454147 -3.417210 90.782647 0.000009 0.000000 0.000004 5.213126 -34.082948 2.540132 6.172303 36.629078 3.263778 0.235241 -5.031687 1.298230 1.307082 -4.982320 -1.846951 -10.905063 0.601658 2.688649 11.848235 17.364812 4.871787 1.245324 -11.922929 -6.193175 -0.988915 -5.937505 0.627379 
-0.265843 97.167931 21.859518 -1.160420 0.581264 -2.071511 1.347323 0.452623 -0.004318 2.713614 0.914506 -0.259831 2.713612 0.914503 -0.259829 -1.168590 2.076455 1.991779 -2.327218 1.152542 -0.090304 -11.745286 1.236187 -15.216765 16.726630 6.768565 -57.052468 -29.181676 17.456608 -12.702068 -12.218477 20.388270 8.980805 9.484059 -4.286424 -8.551526 6.720072 2.305232 2.442350 0.000003 0.000004 0.000001 -4.375551 -1.175311 -36.064498 -3.735964 -4.110745 -68.882130 0.000001 -0.000001 -0.000001 -6.213597 -7.396615 -55.900317 -5.441161 -6.149496 -88.925764 0.000005 -0.000001 -0.000002 2.818330 -10.878008 -58.088368 -4.383089 -3.642831 -91.941245 -0.000000 -0.000000 0.000000 7.306200 -14.245621 -68.946764 -6.205692 -1.486771 -82.831084 0.000000 -0.000001 -0.000002 9.543058 1.297167 14.517827 -10.153209 -13.512808 53.829721 42.045231 3.722940 15.249406 -10.841949 21.033322 -9.777633 -4.480864 -9.005944 1.302126 -4.349654 25.871239 -3.014125 0.000009 0.000001 -0.000006 -1.234001 -2.570391 46.037299 1.598492 -5.141034 71.676094 -0.000003 -0.000003 0.000001 -0.456201 -5.230290 54.536124 1.879180 -6.603931 77.511603 0.000004 -0.000001 0.000002 3.645257 -3.616085 52.952247 6.515852 -3.296578 85.103611 0.000001 0.000005 0.000001 7.144746 -3.649088 48.410957 10.467258 -3.516639 92.214049 0.000010 0.000000 -0.000002 5.148127 -35.178059 1.962142 4.982517 26.305065 2.176725 0.238594 -2.718919 2.138507 0.603154 -5.096096 -1.296201 -11.434281 3.972539 1.299255 12.971448 17.830048 5.998606 1.518317 -13.618702 -6.615686 -1.363843 -8.299240 0.516531 
-0.206864 96.151146 27.235910 -1.792452 0.653642 -1.960441 1.529374 0.469013 -0.143292 3.141770 0.950271 -0.482113 3.141770 0.950271 -0.482112 -1.419957 2.581443 3.005400 -2.189778 0.740933 -0.514463 -11.991429 1.217325 -14.882951 18.928787 9.134433 -58.283561 -27.488597 18.249593 -11.591878 -13.775056 22.042410 7.694714 9.484059 -4.286423 -8.551523 6.720077 2.305236 2.442347 0.000008 0.000002 -0.000003 -4.520634 -1.072999 -34.501389 -3.592901 -3.768530 -65.851350 0.000001 -0.000000 -0.000001 -6.356824 -7.263712 -54.351039 -5.426175 -5.819360 -85.882047 0.000003 -0.000000 -0.000004 2.670020 -10.714805 -56.539432 -4.384356 -3.454019 -88.883854 -0.000000 0.000000 -0.000002 7.150545 -14.063741 -67.393531 -6.195751 -1.422015 -79.768939 0.000003 -0.000001 0.000004 9.916489 1.307564 13.745165 -4.553202 -16.353322 53.037980 40.760933 4.131096 11.616435 -8.901075 19.465139 -11.983550 -3.780856 -8.870874 2.182429 -5.024296 24.945178 -2.697882 0.000008 0.000005 -0.000008 -1.281703 -2.603540 47.792135 1.629477 -5.286129 73.089465 -0.000003 -0.000003 0.000001 -0.438055 -5.321069 56.088817 1.899884 -6.730520 78.862477 0.000002 0.000003 0.000001 3.726751 -3.751882 54.306172 6.528733 -3.420509 86.507932 -0.000001 0.000001 0.000000 7.376174 -3.809027 49.460169 10.481625 -3.618857 93.703577 0.000013 -0.000004 -0.000003 4.607597 -36.962648 1.474753 3.755983 18.916557 2.049350 0.314782 -1.153426 1.240775 3.078489 -6.079300 -3.501261 -12.032476 6.129505 -0.212464 14.151670 19.973444 7.300178 1.727773 -14.448181 -6.806230 -1.614493 -12.559020 0.341418 
-0.050203 95.070648 32.739365 -2.562015 0.770964 -1.908080 1.748831 0.459161 -0.279300 3.649303 0.935610 -0.727000 3.649302 0.935610 -0.727001 -1.745364 2.629099 4.099302 -2.142133 0.504435 -0.783687 -11.751865 1.287984 -14.524180 20.806155 10.561672 -59.236837 -26.166011 18.856709 -10.487989 -13.145969 24.157857 5.631768 9.484063 -4.286424 -8.551526 6.720070 2.305233 2.442348 0.000003 0.000000 0.000000 -4.683554 -0.979864 -33.324725 -3.458107 -3.485654 -63.291299 -0.000002 -0.000000 -0.000000 -6.509609 -7.150636 -53.186324 -5.399823 -5.541414 -83.312189 0.000000 -0.000003 -0.000003 2.521430 -10.566613 -55.376691 -4.377566 -3.294629 -86.301612 -0.000002 -0.000001 0.000003 7.002547 -13.895506 -66.228690 -6.184694 -1.367815 -77.182183 -0.000000 -0.000000 0.000000 10.182989 1.337501 12.990981 0.201335 -18.271171 52.518578 38.798073 4.599078 8.123837 -5.357480 18.537236 -14.874439 -3.307348 -8.719302 2.965047 -4.150256 24.588382 -2.834971 0.000013 0.000002 -0.000010 -1.197911 -2.683739 48.860878 1.656617 -5.420037 74.385493 0.000002 -0.000005 0.000002 -0.363265 -5.420826 57.230756 1.917572 -6.835975 80.019115 0.000004 0.000002 0.000002 3.827150 -3.868069 55.416880 6.536164 -3.525251 87.708242 0.000001 0.000001 0.000003 7.566782 -4.000853 50.683265 10.474208 -3.698226 94.736582 0.000011 0.000002 0.000003 4.005701 -40.187040 1.334483 2.648700 18.096639 2.474720 0.347379 -3.026944 -0.425643 4.971637 -7.510413 -5.346384 -12.576782 8.230667 -1.629053 15.068593 22.105678 8.125594 1.883277 -13.911057 -6.934475 -1.851625 -18.127409 0.550192 
0.214437 93.839127 38.642658 -3.317376 0.755803 -1.890225 1.969846 0.436762 -0.400752 4.149272 0.895659 -0.933500 4.149270 0.895656 -0.933501 -2.032947 1.878309 4.841422 -2.290227 0.789561 -0.613775 -11.400464 1.344247 -14.647429 23.179644 12.348011 -58.739210 -28.637868 19.134869 -10.725161 -7.679386 25.291075 3.643562 9.484060 -4.286426 -8.551527 6.720072 2.305229 2.442353 -0.000000 0.000006 0.000001 -4.873597 -0.908785 -32.690788 -3.350065 -3.279887 -61.392452 -0.000003 -0.000001 -0.000001 -6.678835 -7.073589 -52.561301 -5.372188 -5.336140 -81.406655 0.000005 -0.000002 -0.000001 2.367260 -10.447539 -54.755263 -4.367876 -3.176698 -84.386489 0.000000 -0.000001 0.000000 6.858774 -13.754334 -65.607498 -6.174892 -1.327934 -75.263507 -0.000000 0.000001 -0.000001 10.604706 1.387045 11.846432 2.444239 -18.401802 52.995605 38.925149 4.965488 5.586597 -1.849545 18.101431 -18.181311 -3.171057 -8.543919 3.608720 -0.968111 25.085765 -3.701080 0.000013 0.000000 -0.000004 -0.988860 -2.780851 48.882609 1.685676 -5.488539 75.150276 0.000000 -0.000004 0.000002 -0.243299 -5.494778 57.717503 1.935945 -6.870480 80.624482 0.000005 0.000002 0.000001 3.915387 -3.917401 56.072558 6.530829 -3.578204 88.379533 0.000000 -0.000001 0.000002 7.656007 -4.136333 51.825201 10.464473 -3.767405 95.622061 0.000010 0.000002 0.000002 4.760974 -42.092639 0.883649 0.477380 20.998645 1.842128 0.429484 -7.097558 -0.985835 3.530863 -10.150447 -4.491970 -13.141906 10.325973 -3.002015 15.950496 24.627617 8.485990 1.807579 -11.380606 -6.654854 -2.478061 -26.393470 1.035967 
0.688964 92.490700 45.117138 -3.877042 0.702364 -1.761755 2.138551 0.375217 -0.509459 4.519929 0.776911 -1.118694 4.519929 0.776913 -1.118695 -2.143523 0.529758 4.922975 -2.641595 1.515198 0.117863 -11.709073 1.234119 -15.443865 25.913796 14.427199 -57.006716 -33.917159 18.850321 -11.921348 -0.472429 24.727957 2.490379 9.484064 -4.286421 -8.551524 6.720076 2.305229 2.442348 0.000008 0.000003 0.000004 -5.114578 -0.882860 -32.901090 -3.295378 -3.181695 -60.474679 -0.000001 0.000001 0.000000 -6.881947 -7.062045 -52.775325 -5.357049 -5.237404 -80.485843 0.000003 -0.000004 0.000001 2.193993 -10.381008 -54.974970 -4.361251 -3.119696 -83.461018 0.000001 0.000001 -0.000001 6.710143 -13.661203 -65.830278 -6.169691 -1.308786 -74.336152 -0.000001 -0.000000 0.000000 10.365103 1.492030 11.107702 2.719649 -16.730494 53.970406 42.477100 5.677527 4.519187 0.272344 18.010838 -21.452244 -3.482709 -8.337659 4.070885 0.970760 25.875333 -4.326134 0.000009 0.000005 -0.000012 -0.948336 -2.776510 48.890545 1.714155 -5.514647 75.551666 -0.000001 -0.000007 0.000002 -0.171000 -5.525586 58.049641 1.949762 -6.900745 81.064701 0.000003 -0.000004 0.000005 3.863777 -3.852892 56.417233 6.523211 -3.618507 88.908641 0.000002 -0.000001 -0.000002 7.616513 -4.065203 52.246859 10.453736 -3.817872 96.279760 0.000011 -0.000004 0.000000 6.335096 -41.096323 -0.156606 -2.062908 23.329192 0.351710 0.228661 -7.630290 1.100584 3.308047 -14.544300 -4.942143 -13.596603 12.277166 -4.410829 16.717926 27.330561 8.507445 1.501262 -4.973680 -6.143095 -3.257781 -39.501429 1.848867 
1.164362 91.740997 51.758690 -4.124602 0.909943 -1.393426 2.186139 0.157590 -0.636715 4.663323 0.346644 -1.361707 4.663319 0.346644 -1.361707 -2.016602 0.569732 4.565788 -2.924634 1.284834 1.142143 -12.707186 0.987778 -16.202501 27.646350 15.674553 -56.117469 -36.547550 18.101692 -11.898003 4.481907 23.664585 1.836243 9.484060 -4.286423 -8.551528 6.720073 2.305227 2.442352 0.000005 0.000001 -0.000005 -5.464654 -0.953059 -34.622041 -3.337962 -3.257858 -61.187300 0.000001 0.000001 0.000000 -7.160065 -7.180596 -54.491072 -5.368800 -5.314015 -81.200834 0.000005 -0.000003 0.000002 1.969942 -10.415180 -56.699787 -4.366592 -3.163979 -84.179609 0.000001 0.000001 -0.000000 6.535646 -13.656843 -67.562578 -6.173761 -1.323646 -75.056252 -0.000000 0.000001 -0.000000 9.673567 1.582821 11.123178 1.772951 -13.582797 55.515877 46.847222 6.823889 4.217387 1.808380 18.171978 -23.080413 -4.610249 -8.051582 4.242810 -0.059247 25.973951 -4.080740 0.000008 0.000003 -0.000010 -1.044625 -2.746279 49.633612 1.726308 -5.585061 76.281089 0.000001 -0.000008 0.000005 -0.209930 -5.513300 58.625003 1.958300 -6.968024 81.781386 0.000004 0.000001 0.000000 3.808315 -3.829870 56.898440 6.524411 -3.694957 89.777297 0.000002 -0.000000 -0.000002 7.619349 -4.027641 52.571218 10.446324 -3.871697 96.926689 0.000010 -0.000004 0.000003 6.988663 -41.055652 -0.686130 -5.635382 28.352156 -1.881775 0.255262 -2.007032 0.070782 5.323968 -12.230020 -4.224431 -13.749184 13.164803 -5.448424 15.905844 29.605178 7.276890 1.102347 7.713994 -3.103093 -3.538619 -57.059619 1.849171 
1.673697 91.577423 58.129490 -3.989741 1.371325 -0.879433 2.077058 -0.143394 -0.785440 4.510642 -0.245529 -1.754215 4.510640 -0.245530 -1.754214 -1.826896 1.357278 4.512607 -2.859944 0.774780 1.810015 -12.449707 1.065832 -15.869306 27.673570 15.280661 -56.187711 -37.386208 17.381387 -12.097018 8.786224 23.853925 1.229276 9.484057 -4.286426 -8.551524 6.720075 2.305230 2.442355 0.000006 0.000002 0.000003 -5.809890 -1.072348 -36.757763 -3.420873 -3.412861 -62.623334 0.000002 -0.000000 0.000000 -7.426991 -7.351707 -56.618884 -5.390878 -5.469093 -82.641847 0.000004 -0.000003 0.000003 1.756066 -10.499535 -58.836861 -4.374605 -3.253127 -85.627951 0.000001 -0.000003 0.000001 6.373236 -13.700577 -69.707811 -6.181395 -1.353739 -76.507312 0.000000 0.000000 -0.000002 9.282954 1.516409 12.488252 -0.190713 -8.829039 56.536338 51.684851 8.267925 3.791772 2.380386 17.741130 -23.054643 -7.299028 -7.613503 3.834904 -0.483382 25.924309 -3.952181 0.000009 0.000004 -0.000006 -1.048578 -2.752917 50.027266 1.730189 -5.639628 76.819315 0.000000 -0.000007 0.000001 -0.219941 -5.513412 58.992965 1.962619 -7.021959 82.337446 0.000004 -0.000001 0.000002 3.777180 -3.827177 57.278554 6.524490 -3.749797 90.395498 -0.000001 -0.000001 0.000003 7.563558 -4.017096 52.995489 10.437542 -3.907403 97.322730 0.000010 -0.000004 0.000004 6.779528 -39.714429 -1.158927 -4.889386 31.263873 -2.134161 0.221192 5.953045 0.737251 4.526837 -4.246007 -4.835679 -13.402690 11.844857 -5.926842 12.235432 33.945053 5.034897 1.361626 21.102044 -0.930602 -3.190007 -66.524444 3.342315 
2.141786 91.868851 64.028549 -3.526846 1.656732 -0.451353 1.837570 -0.262825 -0.838753 4.052151 -0.479571 -2.003068 4.052149 -0.479572 -2.003068 -1.542497 1.141353 4.058274 -2.512027 1.192000 2.261553 -13.127612 0.902913 -16.261827 27.930015 14.248878 -55.579247 -38.895233 16.463522 -12.337851 12.243986 24.275923 0.545593 9.484063 -4.286421 -8.551521 6.720073 2.305228 2.442349 0.000003 0.000002 -0.000001 -6.012553 -1.143543 -37.900508 -3.473514 -3.516426 -63.572484 0.000001 0.000000 0.000000 -7.583861 -7.450305 -57.758040 -5.403333 -5.571877 -83.594460 0.000002 -0.000003 -0.000003 1.627044 -10.545067 -59.981615 -4.378537 -3.312096 -86.585290 -0.000000 -0.000000 0.000001 6.272258 -13.720774 -70.857052 -6.186035 -1.373735 -77.466359 0.000001 -0.000000 0.000000 9.009009 1.460366 13.622713 -2.137794 -3.994875 57.933589 55.148938 9.697774 2.796450 3.309361 17.562235 -22.258736 -8.708898 -7.586982 3.377309 -0.079909 27.011967 -4.167910 0.000009 0.000005 -0.000011 -0.949906 -2.792589 50.177005 1.722003 -5.673354 77.048038 0.000000 -0.000005 0.000001 -0.197287 -5.498619 59.015676 1.964858 -7.054867 82.658369 0.000003 0.000000 0.000004 3.697147 -3.761439 57.363958 6.523641 -3.760072 90.531890 -0.000003 -0.000001 -0.000001 7.326318 -3.909143 53.363896 10.420253 -3.921892 97.374093 0.000012 -0.000004 0.000004 6.592272 -38.916468 -1.740949 -4.658144 37.229473 -2.691755 0.249768 0.015425 1.515932 3.786495 -2.875011 -4.480225 -11.706882 9.414761 -5.620680 5.247799 39.226866 1.057625 1.571325 31.258542 -1.010735 -4.792604 -63.872678 9.313282 
2.629348 93.065704 69.744064 -3.027402 1.505645 -0.273014 1.565110 -0.172636 -0.766962 3.414390 -0.307931 -1.870837 3.414389 -0.307933 -1.870838 -1.059412 0.912426 2.769275 -1.978477 1.723861 2.748528 -15.478484 0.181959 -18.618691 27.909343 12.556117 -53.992389 -38.705302 15.848764 -11.283216 12.755782 23.747613 -0.120040 9.484061 -4.286424 -8.551527 6.720079 2.305233 2.442345 0.000005 -0.000001 -0.000002 -6.135100 -1.169570 -38.321517 -3.502905 -3.576136 -64.116120 -0.000000 0.000001 -0.000000 -7.682206 -7.487496 -58.178848 -5.409588 -5.630798 -84.140035 0.000004 -0.000001 0.000004 1.542540 -10.550796 -60.405722 -4.380471 -3.345934 -87.133557 0.000001 0.000003 -0.000001 6.201590 -13.710951 -71.283344 -6.188530 -1.385202 -78.015616 0.000001 -0.000001 0.000001 8.474917 1.604415 12.837775 -2.794293 -0.688487 61.422996 53.173292 11.070204 1.315069 6.146406 17.642956 -21.089314 -8.252422 -7.977843 3.173612 -0.348765 28.115987 -4.185151 0.000009 0.000007 -0.000007 -0.801015 -2.913516 51.280384 1.744821 -5.699749 77.392115 0.000003 -0.000006 0.000003 -0.167274 -5.541529 59.539572 1.967198 -7.083478 82.978732 0.000006 -0.000001 0.000002 3.700222 -3.793072 57.693768 6.522924 -3.790900 90.840608 0.000000 -0.000004 -0.000000 7.189736 -3.914378 53.917561 10.404173 -3.929562 97.337620 0.000012 0.000002 0.000002 6.399817 -34.897813 -2.236314 -4.853264 38.056229 -2.696804 0.250392 -4.629004 1.964819 3.831764 -3.174540 -4.963432 -10.626262 3.439699 -4.905873 0.165524 46.938884 -2.224589 1.050969 32.174067 -4.429535 -2.924606 -34.049449 6.156998 
3.037713 94.843765 75.330017 -2.610866 1.129693 -0.427453 1.287199 -0.031736 -0.682231 2.729113 -0.038858 -1.603729 2.729113 -0.038858 -1.603729 -0.665026 1.346687 1.961691 -1.177601 1.982497 2.819701 -16.172780 0.018184 -18.706968 24.230002 9.304236 -55.097954 -33.132896 15.591971 -9.596538 9.464490 24.069170 0.164770 9.484061 -4.286422 -8.551523 6.720075 2.305229 2.442349 0.000003 0.000001 -0.000001 -6.228298 -1.174176 -38.427501 -3.524832 -3.621665 -64.529059 -0.000003 0.000000 -0.000000 -7.760107 -7.496141 -58.286287 -5.414122 -5.675637 -84.554566 0.000003 -0.000000 0.000001 1.473302 -10.536839 -60.515585 -4.381864 -3.371683 -87.550089 0.000000 0.000001 -0.000002 6.140541 -13.685260 -71.394335 -6.190345 -1.393948 -78.432865 0.000002 0.000001 -0.000004 8.076501 1.591404 13.779677 -3.283561 2.061885 63.025687 48.821735 12.670413 0.190567 8.865493 16.752564 -19.656552 -7.018634 -8.604881 2.977905 -1.002521 28.779139 -4.089224 0.000011 -0.000001 -0.000008 -0.641499 -3.049970 52.509460 1.756063 -5.692403 77.300844 0.000000 -0.000007 0.000003 -0.138676 -5.601396 60.212414 1.969097 -7.100416 83.199866 0.000004 0.000000 0.000002 3.760688 -3.877149 58.071395 6.522858 -3.814973 91.081768 -0.000000 -0.000001 -0.000000 7.052545 -3.905288 54.304112 10.396988 -3.932108 97.303654 0.000010 -0.000001 0.000000 6.382610 -28.647958 -2.255456 -5.333675 34.881018 -2.480333 0.230375 -7.306538 2.263003 3.886673 -3.389818 -5.304265 -9.379004 -3.097834 -3.649058 -2.174833 52.694674 -3.656865 0.563420 27.176915 -8.155703 -2.935828 -19.519817 2.681695 
3.293492 96.564499 80.744034 -1.947197 0.858656 -0.862545 0.953170 0.076526 -0.530333 1.959719 0.165063 -1.175357 1.959719 0.165061 -1.175359 -0.301448 1.927835 1.273871 -0.418445 2.196207 2.869577 -15.765091 0.161089 -18.225986 19.231501 6.203452 -56.281968 -28.805049 15.727368 -8.390979 5.599838 23.424959 0.324922 9.484061 -4.286422 -8.551526 6.720075 2.305231 2.442352 0.000005 0.000006 0.000001 -6.293557 -1.160148 -38.274696 -3.541271 -3.656340 -64.842415 -0.000002 -0.000000 0.000001 -7.817924 -7.480761 -58.136098 -5.417143 -5.709633 -84.869164 0.000003 -0.000002 -0.000001 1.420651 -10.505287 -60.367220 -4.382760 -3.391235 -87.866128 0.000001 0.000000 -0.000002 6.090424 -13.647244 -71.246127 -6.191680 -1.400588 -78.749492 0.000002 -0.000000 -0.000000 8.068965 1.482310 15.238693 -4.565272 4.245896 63.411531 43.115767 13.962434 -0.276827 11.117092 15.467073 -18.136063 -5.814663 -9.399226 2.525066 -1.873514 29.142491 -3.954107 0.000013 0.000001 -0.000003 -0.543803 -3.144207 53.319581 1.757195 -5.671887 77.049465 -0.000001 -0.000007 0.000002 -0.113882 -5.647682 60.596783 1.968333 -7.092153 83.072183 0.000003 0.000001 0.000003 3.811784 -3.939488 58.192973 6.523864 -3.800847 90.953797 0.000004 -0.000001 0.000000 6.948388 -3.860428 54.294338 10.387791 -3.906998 96.912161 0.000010 0.000001 0.000002 7.475605 -21.782108 -1.886064 -7.479663 29.737903 -2.962005 0.182445 -8.776403 2.733158 3.926091 -3.456402 -5.272137 -8.361670 -10.632318 -1.860259 -3.209676 56.616729 -3.880938 0.667171 18.413652 -10.570298 -9.934645 -30.151160 17.015926 
3.501191 98.020645 86.264748 -0.619258 0.871068 -1.332423 0.505579 0.105441 -0.327253 1.027254 0.214464 -0.702739 1.027253 0.214464 -0.702739 0.034162 2.971344 0.665634 0.158087 1.798071 3.083380 -15.589601 0.228395 -17.955678 15.127508 4.133404 -56.337709 -28.401009 15.872434 -8.343971 2.587816 21.720150 0.064326 9.484061 -4.286427 -8.551522 6.720069 2.305229 2.442352 -0.000002 0.000002 -0.000000 -6.332182 -1.131128 -37.919260 -3.553992 -3.683488 -65.087297 0.000001 -0.000001 -0.000000 -7.855907 -7.446166 -57.784131 -5.419435 -5.736246 -85.115031 0.000003 -0.000003 0.000001 1.383243 -10.463454 -60.016128 -4.383273 -3.406455 -88.113170 -0.000000 0.000001 -0.000002 6.051849 -13.602500 -70.894495 -6.192699 -1.405768 -78.996978 -0.000001 -0.000000 0.000001 7.353686 1.521671 16.401828 -5.778637 4.783879 63.405725 35.020470 14.630105 -0.044686 13.500419 14.616248 -16.570638 -5.405674 -10.335206 1.520162 -3.259638 28.967918 -3.661223 0.000008 0.000005 -0.000009 -0.535679 -3.183253 53.807773 1.750431 -5.625322 76.549775 -0.000003 -0.000006 0.000000 -0.111942 -5.675184 60.805718 1.965592 -7.059724 82.672876 0.000003 0.000001 0.000001 3.878792 -4.009602 58.135128 6.525119 -3.746989 90.423597 0.000000 0.000001 -0.000001 6.965376 -3.867889 54.012750 10.390196 -3.882566 96.545639 0.000014 -0.000001 0.000000 8.655590 -14.797296 -1.343644 -10.098450 23.552668 -3.161893 0.039176 -9.604652 3.978377 3.958251 -4.185360 -5.264130 -7.744477 -17.156491 -0.231148 -4.550274 56.189637 -4.062739 1.225090 9.507897 -11.161353 -10.248666 -26.551746 18.329190 
3.631124 98.835968 91.442192 1.242527 1.163127 -1.435098 0.004975 0.148847 -0.196182 0.013688 0.297719 -0.422953 0.013689 0.297717 -0.422953 0.280224 3.244641 0.439985 0.557657 1.419292 3.313966 -15.947928 0.262218 -17.030718 12.186592 2.952525 -55.699578 -32.192717 15.443112 -9.766530 0.967434 19.361322 -0.316794 9.484062 -4.286426 -8.551532 6.720071 2.305231 2.442350 0.000006 -0.000002 -0.000000 -6.345458 -1.091311 -37.417221 -3.564662 -3.706506 -65.294669 -0.000001 -0.000001 0.000001 -7.874254 -7.397583 -57.286033 -5.421393 -5.758786 -85.323188 0.000003 -0.000006 -0.000003 1.361476 -10.415737 -59.517968 -4.383543 -3.419322 -88.322351 0.000000 -0.000001 0.000001 6.027010 -13.553114 -70.395679 -6.193580 -1.410181 -79.206446 0.000002 -0.000002 -0.000000 6.158662 1.648501 17.846096 -7.277816 4.268581 62.532417 27.036805 14.620843 0.455532 15.152981 14.004336 -14.694534 -5.890390 -11.658585 -0.443741 -5.517615 28.307917 -3.139823 0.000006 0.000007 -0.000009 -0.592477 -3.152268 53.388952 1.734608 -5.559534 75.914254 -0.000004 -0.000004 0.000000 -0.146751 -5.656292 60.588477 1.957824 -7.001852 82.035490 0.000002 -0.000001 0.000003 3.878267 -4.015856 57.706383 6.523406 -3.676099 89.621064 -0.000002 0.000005 0.000004 7.076865 -3.939902 53.540603 10.392070 -3.832276 95.826386 0.000010 0.000002 0.000003 9.170599 -9.234707 -0.780757 -12.542881 18.693903 -3.152718 0.065960 -9.632215 4.110237 3.984299 -5.319253 -5.286283 -7.458690 -22.888725 0.718409 -5.664456 52.009821 -4.083062 1.492224 2.551000 -10.536604 -5.572421 -16.225775 13.867603 
3.678075 98.927116 96.549179 3.046219 1.546820 -0.986259 -0.423656 0.190274 -0.182588 -0.852421 0.379023 -0.380812 -0.852420 0.379026 -0.380812 0.466986 3.200053 0.371648 0.796661 0.915047 3.573042 -16.431157 0.252997 -16.312370 10.354274 2.370931 -54.054841 -39.431106 14.469563 -11.648024 0.914490 16.591706 -0.767872 9.484065 -4.286419 -8.551525 6.720071 2.305227 2.442352 0.000003 0.000006 -0.000001 -6.334693 -1.045469 -36.824705 -3.574932 -3.728875 -65.495586 0.000002 -0.000000 -0.000001 -7.873215 -7.340647 -56.697554 -5.423252 -5.780675 -85.524890 0.000006 -0.000005 0.000002 1.357268 -10.364188 -58.929083 -4.383750 -3.431817 -88.525037 0.000002 0.000001 0.000001 6.015730 -13.503182 -69.805572 -6.194381 -1.414445 -79.409480 -0.000001 0.000000 0.000000 5.254718 1.772540 18.775210 -8.825480 4.182900 61.535503 20.450172 14.319567 1.393778 15.874128 12.624684 -13.247810 -6.634831 -13.106711 -2.732051 -6.866302 28.225798 -2.920600 0.000009 0.000003 -0.000006 -0.679768 -3.007277 50.997368 1.709460 -5.448889 74.873948 0.000002 -0.000001 0.000000 -0.203489 -5.563362 59.515953 1.952531 -6.893200 80.845466 0.000003 -0.000001 0.000002 3.803707 -3.927115 56.686718 6.512155 -3.552674 88.072810 -0.000002 0.000003 -0.000000 7.037832 -3.875089 52.563941 10.379969 -3.740541 94.452596 0.000009 0.000001 0.000005 9.911059 -4.132359 -0.269929 -15.028843 14.402391 -3.368100 0.138750 -10.370444 4.056110 3.782204 -5.799905 -5.017701 -6.921762 -27.421246 0.653673 -6.007772 44.417174 -3.666617 1.588962 -1.489988 -9.533928 -2.637256 -8.043901 3.120693 
3.684295 98.356438 101.904579 4.316955 1.800438 -0.218138 -0.709253 0.225944 -0.238554 -1.427875 0.449291 -0.459006 -1.427875 0.449291 -0.459007 0.612536 3.319999 0.237095 0.909401 0.224608 3.812244 -16.152523 0.408979 -15.499262 7.951235 1.058165 -52.587426 -46.126815 13.015445 -12.924117 1.245249 14.242727 -0.739046 9.484063 -4.286428 -8.551527 6.720070 2.305231 2.442348 0.000001 0.000002 0.000000 -6.301326 -0.998613 -36.197633 -3.586344 -3.754003 -65.721105 -0.000001 -0.000002 -0.000001 -7.853177 -7.281374 -56.074333 -5.425122 -5.805328 -85.751283 0.000003 -0.000003 -0.000000 1.369766 -10.315669 -58.304803 -4.383816 -3.445746 -88.752591 -0.000003 0.000002 0.000000 6.019534 -13.458376 -69.179892 -6.195252 -1.419230 -79.637376 -0.000000 -0.000002 0.000002 5.362597 1.673128 20.300765 -11.857391 6.726617 59.428957 19.471968 14.454364 2.736551 14.554008 10.189000 -11.773212 -7.058196 -14.137815 -4.277524 -6.685357 29.095950 -3.132112 0.000009 0.000002 -0.000007 -0.968910 -2.668709 46.108719 1.669231 -5.244300 72.875994 0.000004 -0.000004 -0.000001 -0.262613 -5.401278 57.383042 1.954344 -6.675133 78.506310 0.000003 -0.000001 0.000002 2.116221 -3.016900 54.531691 6.484766 -3.349646 85.481580 -0.000003 -0.000002 -0.000003 6.783315 -3.542391 50.396250 10.351100 -3.589995 92.182494 0.000013 -0.000001 0.000002 10.861443 0.862562 0.227236 -17.571618 11.125508 -3.492457 0.133240 -12.456283 4.594284 4.011450 -5.860015 -5.322757 -6.039328 -30.203131 -0.082081 -5.422091 34.713077 -3.036368 1.559882 -4.330106 -8.890315 -2.482412 -10.152456 2.686732 
3.705323 97.262054 107.358734 5.053965 1.865126 0.501611 -0.878836 0.318726 -0.228378 -1.781108 0.635553 -0.388991 -1.781107 0.635552 -0.388991 0.819642 3.087384 -0.589490 0.827404 -0.185561 4.221506 -16.691287 0.313109 -15.452214 6.375491 -0.590800 -50.769578 -52.005477 11.252378 -13.211732 1.563790 12.206149 0.141191 9.484061 -4.286423 -8.551528 6.720067 2.305229 2.442347 0.000003 0.000003 0.000000 -6.246886 -0.955900 -35.592078 -3.600435 -3.785381 -66.002181 -0.000001 -0.000001 -0.000001 -7.814600 -7.225689 -55.471979 -5.427418 -5.835779 -86.033555 0.000002 -0.000007 -0.000001 1.398626 -10.275168 -57.700864 -4.384003 -3.463196 -89.036160 -0.000000 -0.000004 0.000002 6.038681 -13.423474 -68.574512 -6.196342 -1.425206 -79.921416 0.000001 -0.000001 0.000002 4.916826 1.778673 20.034225 -12.705813 8.123986 58.514005 16.335432 15.157412 5.030452 14.543327 8.447958 -11.148564 -6.824778 -14.410430 -4.328622 -6.493410 29.745607 -3.268526 0.000008 0.000000 -0.000007 -1.513963 -2.177601 37.380754 1.591160 -4.990899 70.264191 0.000002 -0.000004 -0.000001 -0.415164 -5.153548 53.847214 1.920179 -6.409155 75.553142 0.000003 0.000000 0.000002 -0.223542 -2.015048 51.676077 6.447923 -3.095804 82.403862 -0.000000 -0.000000 0.000000 6.534185 -3.221410 47.453600 10.338343 -3.388396 89.429012 0.000011 0.000001 0.000006 12.038827 4.363137 1.145177 -19.907356 11.129482 -4.676943 0.088019 -15.405502 5.308397 4.052037 -6.915541 -5.341095 -5.110332 -32.443788 -0.909140 -4.763456 24.809113 -2.829044 1.514362 -7.290155 -7.805947 -1.645932 -10.814922 2.004201 
3.684271 95.978569 112.871094 5.614683 1.844770 1.016473 -1.020658 0.411089 -0.202827 -2.098862 0.821600 -0.295322 -2.098862 0.821600 -0.295322 0.919926 2.998778 -1.167157 0.816880 -0.551021 4.255094 -16.584068 0.337101 -15.433666 3.942179 -2.894962 -49.102394 -55.553309 10.015063 -12.675515 1.161317 10.671841 1.882600 9.484062 -4.286424 -8.551524 6.720070 2.305230 2.442351 0.000010 -0.000002 0.000002 -6.173008 -0.922401 -35.063954 -3.618654 -3.826549 -66.370068 -0.000000 0.000002 -0.000003 -7.758395 -7.180142 -54.946068 -5.430318 -5.875860 -86.402863 0.000005 -0.000003 0.000002 1.443633 -10.248514 -57.172863 -4.384375 -3.486219 -89.407231 -0.000002 -0.000002 -0.000000 6.072909 -13.403395 -68.044947 -6.197694 -1.433049 -80.293061 -0.000001 -0.000001 0.000000 4.718143 1.798515 20.496983 -13.788982 10.596014 57.508151 15.859271 16.827892 6.085658 12.915247 7.010434 -9.061729 -6.120252 -14.162727 -3.262092 -6.284575 30.206402 -3.357405 0.000013 -0.000003 -0.000009 -1.793609 -1.967707 33.089599 1.485790 -4.714312 67.337722 0.000001 -0.000004 -0.000001 -0.616191 -4.878400 49.604563 1.853810 -6.138341 72.432107 0.000003 -0.000000 0.000004 0.112475 -2.132219 48.518741 6.396486 -2.818353 79.137905 0.000000 -0.000001 -0.000000 6.324761 -2.958624 44.246754 10.308161 -3.148877 86.164769 0.000010 -0.000003 0.000000 12.826068 5.523915 2.342665 -22.041420 15.467542 -7.334069 -0.089966 -17.833658 6.469717 4.168382 -10.842686 -5.416661 -4.639130 -34.095519 -1.493304 -4.244809 15.228901 -2.709571 1.190422 -10.335732 -4.866374 -1.889226 -12.021489 1.071833 
3.618412 94.500420 118.500183 6.324935 1.862778 1.352308 -1.198554 0.461979 -0.108762 -2.509945 0.925029 -0.117457 -2.509944 0.925026 -0.117456 1.039974 2.530888 -1.884182 0.791004 -0.414039 4.118720 -16.496602 0.367350 -15.338207 1.993469 -5.304284 -47.881296 -57.595010 9.182071 -11.903816 -0.312796 10.131560 4.736480 9.484066 -4.286427 -8.551521 6.720078 2.305233 2.442347 0.000003 0.000002 -0.000003 -6.081404 -0.902859 -34.669313 -3.642289 -3.881060 -66.855572 0.000003 -0.000001 -0.000001 -7.685250 -7.149739 -54.552229 -5.433372 -5.928708 -86.890415 0.000004 -0.000007 0.000002 1.504373 -10.240763 -56.776398 -4.384899 -3.516559 -89.896949 -0.000000 -0.000000 0.000001 6.121958 -13.405679 -67.646685 -6.199408 -1.443413 -80.783625 -0.000000 -0.000001 -0.000001 4.621732 1.829174 20.240646 -14.822754 13.544251 57.412186 16.694577 18.656404 6.649232 10.060882 6.616340 -6.161206 -5.145102 -13.579509 -1.555552 -6.570027 30.591601 -3.350230 0.000009 0.000004 -0.000012 -1.845295 -1.920850 32.354288 1.369094 -4.444828 64.386622 0.000001 -0.000004 -0.000001 -0.746899 -4.724086 47.041473 1.771645 -5.896272 69.612448 0.000003 -0.000000 0.000002 1.521335 -2.484284 45.397737 6.333710 -2.555758 76.044519 -0.000002 -0.000000 0.000000 6.084538 -2.722523 41.316975 10.264150 -2.920138 83.001838 0.000010 0.000000 -0.000001 12.315281 5.971429 3.320051 -23.196070 21.191924 -9.901169 -0.214426 -18.734551 7.396877 4.504672 -17.413796 -5.754007 -5.010044 -36.156785 -1.697436 -2.929660 10.151650 -2.316363 0.110929 -13.553747 -0.549079 -1.426270 -14.032225 2.018940 
3.449481 93.083817 124.132004 7.215309 1.971078 1.517138 -1.409438 0.471693 0.034379 -2.988750 0.946495 0.118291 -2.988750 0.946498 0.118291 1.218330 1.330509 -2.685249 0.717348 0.299536 3.857017 -17.200399 0.164465 -15.847265 1.533089 -7.213855 -46.291696 -58.702539 8.695692 -11.383700 -2.677734 10.399923 8.467736 9.484059 -4.286422 -8.551531 6.720075 2.305231 2.442351 0.000003 0.000001 0.000000 -5.973721 -0.901513 -34.464223 -3.672483 -3.952606 -67.489953 -0.000003 -0.000000 -0.000000 -7.595945 -7.140416 -54.346111 -5.436466 -5.997768 -87.527495 0.000003 -0.000003 -0.000001 1.580569 -10.256814 -56.567268 -4.384904 -3.556113 -90.536869 -0.000000 -0.000001 -0.000000 6.186711 -13.433348 -67.435803 -6.201547 -1.456940 -81.424577 0.000001 -0.000004 0.000001 3.791056 2.005434 20.113208 -16.423699 16.611218 56.766132 20.407280 20.414629 7.591030 5.381398 7.136792 -3.265902 -4.085612 -12.817931 0.357570 -7.156902 30.776016 -3.271765 0.000009 0.000004 -0.000008 -1.797272 -1.958226 33.366044 1.269357 -4.245898 62.162904 0.000001 -0.000004 -0.000001 -0.843275 -4.620597 45.233262 1.698209 -5.712274 67.403838 0.000004 0.000001 0.000006 2.670833 -2.677238 43.163432 6.282269 -2.367318 73.793063 -0.000000 0.000000 0.000000 5.857243 -2.544840 39.262362 10.241253 -2.757143 80.813104 0.000008 0.000000 0.000002 11.605936 6.947734 3.870850 -23.605542 25.891063 -10.533097 -0.041745 -17.405477 7.141323 4.940630 -25.111546 -6.280493 -5.123779 -39.210989 -1.744135 -1.636384 12.522797 -2.143914 -0.720391 -15.597085 2.148620 -0.341009 -12.473526 0.600853 
3.047083 91.844246 130.213593 8.027865 2.190566 1.400734 -1.590896 0.354449 0.161896 -3.379065 0.714370 0.332876 -3.379066 0.714370 0.332876 1.302214 0.206768 -2.990786 0.675454 1.078994 3.288008 -17.418517 0.119715 -15.865145 1.522213 -8.364792 -45.520718 -59.005328 8.472787 -11.256790 -5.110187 11.267654 11.825153 9.484058 -4.286418 -8.551531 6.720075 2.305225 2.442354 0.000003 0.000004 -0.000004 -5.851436 -0.921762 -34.504688 -3.710058 -4.044913 -68.304146 -0.000003 -0.000001 -0.000000 -7.491173 -7.156745 -54.383360 -5.439707 -6.086512 -88.345212 0.000002 -0.000003 0.000003 1.672318 -10.300908 -56.601160 -4.384066 -3.606830 -91.358247 -0.000002 -0.000001 0.000002 6.267995 -13.490534 -67.468288 -6.204066 -1.474394 -82.247198 -0.000001 -0.000001 -0.000000 3.373490 2.087350 20.201097 -18.527026 19.112066 55.988068 23.284125 21.223910 8.141714 1.160127 8.033146 -1.091177 -3.152700 -12.039384 2.058074 -7.399683 31.030629 -3.263289 0.000009 0.000005 -0.000007 -1.666563 -2.014163 33.746032 1.214800 -4.150636 61.053039 0.000004 -0.000004 -0.000000 -0.910597 -4.545388 43.943084 1.657705 -5.626756 66.358785 0.000004 -0.000003 0.000006 2.726889 -2.615575 42.162594 6.261556 -2.289486 72.852874 0.000001 0.000001 -0.000002 5.631519 -2.444140 38.608799 10.252302 -2.682232 79.993236 0.000010 0.000000 0.000002 12.490416 9.847911 5.176683 -24.325707 26.545271 -9.226769 0.164967 -14.427849 6.130044 5.002150 -29.604564 -5.596393 -5.128901 -42.309931 -1.260807 -0.982810 20.268269 -2.133177 -0.287710 -14.337605 1.522508 0.189941 -17.104315 -0.465772 
2.545584 91.246231 136.547943 8.361529 2.567567 0.849830 -1.644407 0.087769 0.331050 -3.491681 0.183981 0.623576 -3.491682 0.183980 0.623576 1.279422 0.145448 -3.088411 0.521748 1.127427 2.754004 -18.007736 -0.143521 -16.870644 2.733586 -7.776643 -44.151139 -59.448450 8.533382 -11.449012 -6.877436 11.669390 14.304147 9.484061 -4.286427 -8.551524 6.720066 2.305229 2.442355 0.000005 0.000003 -0.000001 -5.712179 -0.967058 -34.856139 -3.756249 -4.163808 -69.346378 0.000000 -0.000001 -0.000001 -7.368079 -7.203588 -54.728871 -5.441918 -6.200140 -89.392082 0.000004 -0.000005 0.000002 1.783200 -10.378325 -56.943130 -4.382006 -3.671763 -92.409618 0.000001 -0.000001 -0.000002 6.369990 -13.583014 -67.809292 -6.206893 -1.496718 -83.300140 -0.000001 0.000001 -0.000001 2.855913 2.197462 20.016539 -19.830640 19.966596 56.116260 22.791021 21.491079 7.527455 -1.690603 9.209579 0.308354 -2.585830 -11.406257 3.138829 -5.837416 32.009251 -3.609162 0.000011 0.000009 -0.000008 -1.541191 -2.050165 33.472930 1.212383 -4.152195 61.034154 0.000003 -0.000005 0.000000 -0.942913 -4.482259 43.124131 1.652486 -5.630193 66.384801 0.000003 -0.000001 0.000002 2.619077 -2.525416 41.810265 6.265609 -2.295702 72.957916 0.000001 -0.000001 0.000003 5.372003 -2.270775 38.333918 10.256635 -2.677367 79.987355 0.000010 -0.000002 -0.000001 12.402187 12.342743 6.498892 -22.781276 26.168741 -7.290286 0.162855 -8.149166 5.515765 5.011743 -37.311206 -3.693286 -5.617832 -43.749858 -0.002055 -0.847060 26.853056 -2.251673 0.259765 -6.399029 1.172538 -0.494415 -21.020402 0.436666 
2.000237 91.193703 142.591095 8.034733 3.049304 -0.122735 -1.523896 -0.187749 0.530633 -3.243908 -0.364824 0.960085 -3.243907 -0.364825 0.960086 1.078354 -0.036923 -2.624374 0.299167 1.277963 2.187538 -17.948680 -0.149682 -16.991559 3.285958 -7.396881 -44.004201 -57.842680 8.890908 -12.375059 -8.193426 12.017679 15.893444 9.484063 -4.286426 -8.551527 6.720075 2.305232 2.442348 0.000001 0.000004 -0.000003 -5.494523 -1.054366 -35.709766 -3.822075 -4.345456 -70.925299 0.000001 0.000001 -0.000002 -7.171731 -7.300186 -55.571242 -5.441342 -6.372297 -90.978379 0.000004 -0.000005 0.000002 1.964461 -10.521946 -57.780586 -4.376493 -3.769959 -94.002473 0.000000 -0.000001 -0.000000 6.541178 -13.750691 -68.646345 -6.210400 -1.530653 -84.895228 -0.000001 0.000003 -0.000002 2.431765 2.276957 20.251502 -21.029734 20.981501 55.422149 24.884748 21.595644 7.543580 -5.149874 9.497479 1.576409 -2.608693 -10.997619 3.290666 -5.412718 31.974031 -3.626579 0.000008 0.000003 -0.000002 -1.481189 -2.106429 34.464923 1.232332 -4.199585 61.548303 0.000003 -0.000006 -0.000000 -0.928352 -4.516754 43.505908 1.659142 -5.674489 66.890583 0.000006 -0.000003 0.000004 2.678900 -2.587783 42.361212 6.285023 -2.341601 73.602091 0.000002 -0.000001 -0.000003 5.581304 -2.439660 38.983288 10.285381 -2.718088 80.682982 0.000010 -0.000001 -0.000001 11.384500 5.831513 6.808290 -21.244240 40.690903 -9.432072 0.047882 2.428002 6.769012 6.315592 -44.430937 -6.894898 -6.228944 -42.887871 1.414736 -0.306883 29.576526 -1.129127 0.471767 2.496984 0.368552 -0.660906 -10.626195 1.080199 
1.499273 91.911568 148.497360 7.361142 3.344953 -1.211908 -1.277521 -0.323367 0.758881 -2.765454 -0.631959 1.422357 -2.765452 -0.631962 1.422358 0.898456 -0.586072 -2.491299 -0.162008 1.590786 2.120542 -17.237019 0.050145 -16.624441 1.827604 -7.723112 -44.893174 -53.088824 9.732261 -13.244772 -9.167349 12.093465 16.628254 9.484060 -4.286425 -8.551524 6.720067 2.305227 2.442354 0.000001 0.000002 0.000003 -5.181684 -1.172195 -37.034945 -3.903099 -4.593867 -73.060860 -0.000002 -0.000000 0.000001 -6.887570 -7.435532 -56.880203 -5.432843 -6.604968 -93.124500 0.000004 0.000002 0.000001 2.231113 -10.725490 -59.083807 -4.364849 -3.902487 -96.156899 -0.000000 -0.000000 0.000001 6.796630 -13.989306 -69.950549 -6.213666 -1.576686 -87.052434 -0.000000 -0.000000 -0.000001 3.240444 2.104132 20.412389 -22.305212 20.167397 54.524113 26.280842 20.840647 8.456255 -6.508418 10.821061 1.796452 -3.190444 -10.636609 2.688604 -7.164457 30.531021 -3.193913 0.000008 0.000012 -0.000009 -1.552964 -2.142752 36.520950 1.267068 -4.286883 62.458248 0.000002 -0.000004 -0.000001 -0.882450 -4.623712 44.918213 1.675521 -5.791301 68.175219 0.000005 -0.000001 0.000004 2.791341 -2.722564 43.530315 6.331836 -2.450893 75.156349 -0.000001 -0.000002 0.000002 5.812542 -2.582576 39.739612 10.329559 -2.794589 81.928447 0.000011 0.000000 -0.000000 9.664559 0.678004 7.375546 -14.409595 51.102137 -6.788487 -0.205003 9.344181 4.550964 2.446539 -29.732882 -6.256554 -6.742869 -39.757455 2.981228 0.080249 29.557251 -0.091630 0.395853 6.351502 -0.613433 -0.595914 -2.742625 0.680617 
0.886046 93.088638 154.219055 6.841628 3.148421 -2.033259 -1.041850 -0.255337 0.872227 -2.239346 -0.496916 1.632380 -2.239343 -0.496917 1.632380 0.538046 -1.568876 -1.672121 -0.620302 2.266589 1.937370 -16.770652 0.153104 -16.572699 0.021645 -8.212333 -45.095791 -47.499844 11.101527 -14.337680 -9.162350 11.682430 16.634680 9.484060 -4.286424 -8.551529 6.720072 2.305228 2.442350 0.000005 0.000003 -0.000001 -4.818611 -1.289685 -38.612169 -3.983044 -4.876503 -75.462307 0.000001 -0.000003 -0.000003 -6.556228 -7.577424 -58.439392 -5.412582 -6.865897 -95.538603 0.000004 -0.000004 0.000001 2.548028 -10.946990 -60.638358 -4.345952 -4.050869 -98.579485 -0.000000 -0.000000 0.000000 7.103870 -14.252738 -71.508317 -6.215238 -1.628522 -89.477684 0.000000 -0.000000 0.000002 4.607229 1.806059 20.756460 -23.695178 17.376083 53.978910 27.091945 19.085724 9.503757 -5.128617 14.257677 0.888915 -4.133561 -10.299663 1.605525 -8.196867 29.945120 -3.003003 0.000008 0.000007 -0.000007 -1.605342 -2.151387 37.836195 1.314298 -4.421878 63.819867 0.000004 -0.000003 -0.000000 -0.884714 -4.653916 46.064937 1.696081 -5.935992 69.777001 0.000005 -0.000001 0.000008 2.808224 -2.786095 44.724366 6.376213 -2.574520 76.839451 -0.000001 -0.000001 0.000002 5.773601 -2.567029 40.657063 10.356536 -2.882448 83.181985 0.000009 0.000000 -0.000000 8.590335 -5.362649 7.704065 -8.518679 60.091260 -3.395749 0.705041 18.237373 8.530467 -0.233479 -8.825846 -4.158196 -7.658240 -36.684570 4.988341 0.553130 31.830556 0.104305 0.337154 2.473541 -2.221592 -0.600010 -5.807750 0.518946 
0.509055 94.598251 159.878464 6.453320 2.499955 -2.367355 -0.832100 -0.077738 0.925197 -1.699663 -0.147010 1.612850 -1.699664 -0.147010 1.612849 0.211787 -2.083696 -1.103665 -1.191860 2.794963 1.953107 -16.755086 0.182275 -16.390164 -1.655169 -8.484873 -46.139181 -40.618117 12.974886 -14.505918 -9.448739 11.372151 16.127987 9.484058 -4.286429 -8.551525 6.720072 2.305226 2.442353 0.000003 0.000002 -0.000001 -4.452253 -1.385538 -40.221707 -4.050406 -5.159173 -77.838707 0.000001 0.000001 0.000002 -6.220418 -7.701821 -60.031707 -5.377818 -7.122285 -97.928793 0.000005 -0.000004 -0.000000 2.875334 -11.152478 -62.228289 -4.324499 -4.197571 -100.976342 0.000002 -0.000001 0.000001 7.424936 -14.501540 -73.103761 -6.214647 -1.679853 -91.877116 -0.000001 -0.000002 0.000000 5.503171 1.610906 20.900790 -23.052163 13.988023 53.973852 27.438955 17.576068 10.171256 -2.064549 16.744342 -0.679248 -5.232688 -9.999213 0.297484 -7.983806 30.169574 -3.097704 0.000009 0.000009 -0.000007 -1.504173 -2.199405 38.270697 1.362173 -4.521455 64.911147 0.000003 -0.000003 -0.000001 -0.858174 -4.676965 46.949228 1.726606 -6.047427 71.044855 0.000003 0.000001 0.000005 2.876096 -2.854104 45.795889 6.400951 -2.676576 78.066200 -0.000001 0.000000 0.000002 5.724376 -2.582526 41.816057 10.386518 -2.983260 84.603757 0.000009 -0.000001 -0.000002 7.292472 -11.142882 7.178008 -10.037030 66.055634 -5.782064 1.440925 17.917246 12.311200 1.435311 -5.418969 -7.465445 -8.727024 -30.997936 6.045349 2.072900 30.637022 0.670143 0.397133 -1.480478 -3.054229 -0.656708 -5.421970 0.590324 
0.258076 96.010262 165.699966 5.750264 1.757247 -2.294569 -0.551554 0.068740 0.876044 -1.045077 0.139584 1.329511 -1.045079 0.139582 1.329510 -0.102960 -1.691317 -0.653151 -1.787054 2.944029 1.916991 -16.598985 0.146915 -16.877167 -0.923135 -8.834309 -47.105550 -35.220673 14.155638 -15.106126 -9.328680 13.283944 14.694939 9.484062 -4.286424 -8.551521 6.720073 2.305233 2.442351 0.000001 -0.000000 0.000002 -4.130862 -1.450405 -41.643913 -4.099247 -5.406187 -79.898720 -0.000002 0.000003 0.000003 -5.924719 -7.794817 -61.439628 -5.341043 -7.343690 -100.001114 0.000000 -0.000007 0.000003 3.168546 -11.317230 -63.635882 -4.299143 -4.323358 -103.054133 -0.000001 -0.000002 0.000002 7.715572 -14.705049 -74.518074 -6.212387 -1.724258 -93.956526 0.000000 0.000001 0.000001 5.942367 1.543162 20.441347 -19.837986 11.222434 54.691258 27.431426 16.697108 10.451966 1.261967 16.379881 -2.820395 -6.279507 -9.753621 -0.973588 -6.484812 30.200808 -3.291720 0.000008 0.000000 -0.000006 -1.326437 -2.286379 38.545920 1.404304 -4.613426 65.910731 -0.000001 -0.000004 -0.000001 -0.778578 -4.743431 47.815822 1.755807 -6.131628 72.023996 -0.000001 -0.000000 0.000003 2.983242 -2.973193 46.947295 6.424500 -2.768144 79.133247 -0.000001 -0.000000 -0.000000 5.929493 -2.788159 43.111553 10.392822 -3.062063 85.610670 0.000008 0.000001 0.000004 6.075096 -16.522453 6.087925 -11.627049 68.184952 -8.144860 0.829474 11.060629 11.388558 2.355551 -3.499244 -8.102798 -8.957930 -24.473693 5.942910 3.808750 27.907950 1.468507 0.421434 -4.656250 -3.399955 -0.693323 -4.770259 0.658189 
0.065525 97.148888 171.513702 4.455977 1.236299 -1.959611 -0.136181 0.125667 0.663903 -0.227393 0.251316 0.909251 -0.227394 0.251316 0.909252 -0.347016 -0.654572 -0.567626 -2.389499 2.815937 1.838328 -15.602307 0.346626 -16.936359 2.001867 -8.938263 -49.093641 -31.879963 14.702670 -15.759953 -9.335390 17.187730 12.758724 9.484063 -4.286422 -8.551524 6.720074 2.305231 2.442354 0.000003 0.000004 -0.000004 -3.902823 -1.485462 -42.659326 -4.128282 -5.581239 -81.350804 -0.000000 -0.000003 0.000001 -5.714174 -7.851607 -62.445305 -5.311444 -7.499076 -101.462030 0.000005 -0.000005 0.000002 3.380173 -11.425299 -64.642447 -4.277512 -4.411098 -104.518615 -0.000002 -0.000002 0.000001 7.926986 -14.840905 -75.530465 -6.209836 -1.755543 -95.421861 -0.000000 0.000001 0.000001 6.729411 1.437266 19.517640 -17.886315 7.733344 54.889487 27.414691 14.780989 11.923753 3.417803 16.893313 -4.948684 -7.063530 -9.586714 -1.938427 -5.245811 29.817853 -3.435470 0.000008 0.000006 -0.000009 -1.203602 -2.359502 38.990712 1.434041 -4.681040 66.639328 -0.000001 -0.000004 -0.000001 -0.679508 -4.837971 48.629062 1.772011 -6.194366 72.777571 0.000001 -0.000000 0.000005 3.068090 -3.042651 47.618808 6.440967 -2.835422 79.852951 -0.000001 -0.000001 0.000000 6.144019 -2.960550 43.951772 10.395530 -3.115707 86.313094 0.000009 0.000000 -0.000001 5.839444 -21.839709 4.959196 -6.549343 67.394952 -4.252825 0.287012 4.503166 5.312322 0.531286 -5.625474 -5.391701 -9.083509 -18.100177 5.415800 6.064510 24.519071 2.330793 0.475927 -7.084040 -4.061675 -0.688934 -4.781605 0.656838 
-0.075553 97.953453 177.024216 2.711140 1.018121 -1.672598 0.333691 0.192048 0.449195 0.692434 0.384940 0.501577 0.692435 0.384940 0.501577 -0.456000 -0.004324 -1.208068 -3.031090 2.741165 1.763019 -14.780290 0.528248 -16.858439 6.507759 -6.046864 -51.339872 -33.266102 15.327518 -14.916730 -9.550067 19.150734 10.846190 9.484061 -4.286421 -8.551522 6.720077 2.305234 2.442347 0.000008 0.000000 0.000002 -3.815778 -1.496462 -43.048954 -4.138177 -5.648029 -81.903162 -0.000002 -0.000003 0.000002 -5.633668 -7.871294 -62.831327 -5.299414 -7.558022 -102.017816 0.000005 -0.000003 0.000001 3.460789 -11.466622 -65.028797 -4.268473 -4.444247 -105.075719 0.000000 0.000001 -0.000002 8.007594 -14.890372 -75.919267 -6.208658 -1.767384 -95.979212 -0.000002 -0.000001 -0.000000 7.420424 1.405949 17.935991 -19.221192 0.588495 54.825857 25.282323 10.594591 15.739616 3.712707 22.315456 -5.853290 -7.373652 -9.524851 -2.323311 -4.374729 28.885379 -3.477570 0.000009 0.000005 -0.000011 -1.256403 -2.362812 39.676548 1.443670 -4.708519 66.955497 0.000002 -0.000004 -0.000001 -0.705880 -4.851066 49.192136 1.776637 -6.217451 73.082765 0.000003 0.000000 0.000003 3.174381 -3.140079 48.063529 6.450452 -2.889811 80.363377 -0.000003 -0.000001 -0.000001 6.463656 -3.171543 44.297192 10.409514 -3.138708 86.845432 0.000007 0.000002 0.000002 6.326696 -27.594799 4.016325 -2.067981 64.355511 -1.089997 0.379852 0.062427 -1.279374 -1.825150 -3.867735 0.134550 -9.043377 -11.933216 4.739510 8.405573 20.157452 2.904711 0.552961 -8.650150 -4.606558 -0.669880 -4.893906 0.640982 
