HIERARCHY
ROOT mixamorig:Hips
{
	OFFSET 0.000000 99.791901 0.000000
	CHANNELS 6 Xposition Yposition Zposition Yrotation Xrotation Zrotation
	JOINT mixamorig:Spine
	{
		OFFSET 0.000038 9.923500 -1.227300
		CHANNELS 3 Yrotation Xrotation Zrotation
		JOINT mixamorig:Spine1
		{
			OFFSET -0.001154 11.645462 -1.422353
			CHANNELS 3 Yrotation Xrotation Zrotation
			JOINT mixamorig:Spine2
			{
				OFFSET -0.001065 13.360161 -1.626458
				CHANNELS 3 Yrotation Xrotation Zrotation
				JOINT mixamorig:Neck
				{
					OFFSET -0.001308 15.032516 0.792905
					CHANNELS 3 Yrotation Xrotation Zrotation
					JOINT mixamorig:Head
					{
						OFFSET -0.000902 10.321808 3.142400
						CHANNELS 3 Yrotation Xrotation Zrotation
						End Site
						{
							OFFSET -0.001707 19.630493 -0.000000
						}
					}
				}
				JOINT mixamorig:LeftShoulder
				{
					OFFSET 6.105007 9.110962 0.705601
					CHANNELS 3 Yrotation Xrotation Zrotation
					JOINT mixamorig:LeftArm
					{
						OFFSET 12.655048 -0.266434 -2.600898
						CHANNELS 3 Yrotation Xrotation Zrotation
						JOINT mixamorig:LeftForeArm
						{
							OFFSET 27.404696 0.000000 0.000000
							CHANNELS 3 Yrotation Xrotation Zrotation
							JOINT mixamorig:LeftHand
							{
								OFFSET 27.614513 0.000000 0.000000
								CHANNELS 3 Yrotation Xrotation Zrotation
								JOINT mixamorig:LeftHandThumb1
								{
									OFFSET 3.788795 -2.167099 3.003002
									CHANNELS 3 Yrotation Xrotation Zrotation
									JOINT mixamorig:LeftHandThumb2
									{
										OFFSET 3.675461 -2.122025 2.122029
										CHANNELS 3 Yrotation Xrotation Zrotation
										JOINT mixamorig:LeftHandThumb3
										{
											OFFSET 3.394363 -1.959732 1.959735
											CHANNELS 3 Yrotation Xrotation Zrotation
											End Site
											{
												OFFSET 2.679413 -1.546967 1.546960
											}
										}
									}
								}
								JOINT mixamorig:LeftHandIndex1
								{
									OFFSET 12.266594 -0.231796 2.822001
									CHANNELS 3 Yrotation Xrotation Zrotation
									JOINT mixamorig:LeftHandIndex2
									{
										OFFSET 3.891998 0.000000 0.000000
										CHANNELS 3 Yrotation Xrotation Zrotation
										JOINT mixamorig:LeftHandIndex3
										{
											OFFSET 3.415207 0.000000 0.000000
											CHANNELS 3 Yrotation Xrotation Zrotation
											End Site
											{
												OFFSET 3.077995 0.000000 0.000000
											}
										}
									}
								}
								JOINT mixamorig:LeftHandMiddle1
								{
									OFFSET 12.775497 0.000000 0.000000
									CHANNELS 3 Yrotation Xrotation Zrotation
									JOINT mixamorig:LeftHandMiddle2
									{
										OFFSET 3.613998 0.000000 0.000000
										CHANNELS 3 Yrotation Xrotation Zrotation
										JOINT mixamorig:LeftHandMiddle3
										{
											OFFSET 3.459793 0.000000 0.000000
											CHANNELS 3 Yrotation Xrotation Zrotation
											End Site
											{
												OFFSET 3.680214 0.000000 0.000000
											}
										}
									}
								}
								JOINT mixamorig:LeftHandRing1
								{
									OFFSET 12.146996 0.009995 -2.216599
									CHANNELS 3 Yrotation Xrotation Zrotation
									JOINT mixamorig:LeftHandRing2
									{
										OFFSET 3.601196 0.000000 0.000000
										CHANNELS 3 Yrotation Xrotation Zrotation
										JOINT mixamorig:LeftHandRing3
										{
											OFFSET 3.307304 0.000000 0.000000
											CHANNELS 3 Yrotation Xrotation Zrotation
											End Site
											{
												OFFSET 3.660095 0.000000 0.000000
											}
										}
									}
								}
								JOINT mixamorig:LeftHandPinky1
								{
									OFFSET 10.908195 -0.226105 -4.725800
									CHANNELS 3 Yrotation Xrotation Zrotation
									JOINT mixamorig:LeftHandPinky2
									{
										OFFSET 4.136703 0.000000 0.000000
										CHANNELS 3 Yrotation Xrotation Zrotation
										JOINT mixamorig:LeftHandPinky3
										{
											OFFSET 2.594803 0.000000 0.000000
											CHANNELS 3 Yrotation Xrotation Zrotation
											End Site
											{
												OFFSET 2.923904 0.000000 0.000000
											}
										}
									}
								}
							}
						}
					}
				}
				JOINT mixamorig:RightShoulder
				{
					OFFSET -6.106493 9.110001 0.705582
					CHANNELS 3 Yrotation Xrotation Zrotation
					JOINT mixamorig:RightArm
					{
						OFFSET -12.655064 -0.265533 -2.600914
						CHANNELS 3 Yrotation Xrotation Zrotation
						JOINT mixamorig:RightForeArm
						{
							OFFSET -27.404697 0.000000 -0.000000
							CHANNELS 3 Yrotation Xrotation Zrotation
							JOINT mixamorig:RightHand
							{
								OFFSET -27.614510 0.000000 -0.000000
								CHANNELS 3 Yrotation Xrotation Zrotation
								JOINT mixamorig:RightHandThumb1
								{
									OFFSET -3.788803 -2.167099 3.003001
									CHANNELS 3 Yrotation Xrotation Zrotation
									JOINT mixamorig:RightHandThumb2
									{
										OFFSET -3.675461 -2.122025 2.122028
										CHANNELS 3 Yrotation Xrotation Zrotation
										JOINT mixamorig:RightHandThumb3
										{
											OFFSET -3.394363 -1.959732 1.959735
											CHANNELS 3 Yrotation Xrotation Zrotation
											End Site
											{
												OFFSET -2.679413 -1.546967 1.546959
											}
										}
									}
								}
								JOINT mixamorig:RightHandIndex1
								{
									OFFSET -12.266602 -0.231796 2.822000
									CHANNELS 3 Yrotation Xrotation Zrotation
									JOINT mixamorig:RightHandIndex2
									{
										OFFSET -3.891998 0.000000 0.000000
										CHANNELS 3 Yrotation Xrotation Zrotation
										JOINT mixamorig:RightHandIndex3
										{
											OFFSET -3.415207 0.000000 0.000000
											CHANNELS 3 Yrotation Xrotation Zrotation
											End Site
											{
												OFFSET -3.077995 0.000000 0.000000
											}
										}
									}
								}
								JOINT mixamorig:RightHandMiddle1
								{
									OFFSET -12.775505 0.000000 -0.000000
									CHANNELS 3 Yrotation Xrotation Zrotation
									JOINT mixamorig:RightHandMiddle2
									{
										OFFSET -3.613998 0.000000 0.000000
										CHANNELS 3 Yrotation Xrotation Zrotation
										JOINT mixamorig:RightHandMiddle3
										{
											OFFSET -3.459793 0.000000 0.000000
											CHANNELS 3 Yrotation Xrotation Zrotation
											End Site
											{
												OFFSET -3.680214 0.000000 0.000000
											}
										}
									}
								}
								JOINT mixamorig:RightHandRing1
								{
									OFFSET -12.147003 0.009995 -2.216600
									CHANNELS 3 Yrotation Xrotation Zrotation
									JOINT mixamorig:RightHandRing2
									{
										OFFSET -3.601196 0.000000 0.000000
										CHANNELS 3 Yrotation Xrotation Zrotation
										JOINT mixamorig:RightHandRing3
										{
											OFFSET -3.307304 0.000000 0.000000
											CHANNELS 3 Yrotation Xrotation Zrotation
											End Site
											{
												OFFSET -3.660103 0.000000 0.000000
											}
										}
									}
								}
								JOINT mixamorig:RightHandPinky1
								{
									OFFSET -10.908203 -0.226105 -4.725801
									CHANNELS 3 Yrotation Xrotation Zrotation
									JOINT mixamorig:RightHandPinky2
									{
										OFFSET -4.136703 0.000000 0.000000
										CHANNELS 3 Yrotation Xrotation Zrotation
										JOINT mixamorig:RightHandPinky3
										{
											OFFSET -2.594803 0.000000 0.000000
											CHANNELS 3 Yrotation Xrotation Zrotation
											End Site
											{
												OFFSET -2.923904 0.000000 0.000000
											}
										}
									}
								}
							}
						}
					}
				}
			}
		}
	}
	JOINT mixamorig:LeftUpLeg
	{
		OFFSET 9.124481 -6.656403 -0.055368
		CHANNELS 3 Yrotation Xrotation Zrotation
		JOINT mixamorig:LeftLeg
		{
			OFFSET 0.244688 -40.595383 -0.515629
			CHANNELS 3 Yrotation Xrotation Zrotation
			JOINT mixamorig:LeftFoot
			{
				OFFSET -0.244684 -42.047905 -2.059130
				CHANNELS 3 Yrotation Xrotation Zrotation
				JOINT mixamorig:LeftToeBase
				{
					OFFSET 0.373535 -7.208565 13.966596
					CHANNELS 3 Yrotation Xrotation Zrotation
					End Site
					{
						OFFSET -0.142057 -0.175231 9.997458
					}
				}
			}
		}
	}
	JOINT mixamorig:RightUpLeg
	{
		OFFSET -9.124419 -6.656395 -0.055432
		CHANNELS 3 Yrotation Xrotation Zrotation
		JOINT mixamorig:RightLeg
		{
			OFFSET -0.244683 -40.595413 -0.514284
			CHANNELS 3 Yrotation Xrotation Zrotation
			JOINT mixamorig:RightFoot
			{
				OFFSET 0.244687 -42.047836 -2.060526
				CHANNELS 3 Yrotation Xrotation Zrotation
				JOINT mixamorig:RightToeBase
				{
					OFFSET -0.373540 -7.208565 13.966594
					CHANNELS 3 Yrotation Xrotation Zrotation
					End Site
					{
						OFFSET 0.141792 -0.175015 9.997463
					}
				}
			}
		}
	}
}
MOTION
Frames: 37
Frame Time: 0.033333
-0.017316 98.472687 -0.217972 -2.863617 -4.307123 1.640137 -2.227728 6.317655 -0.367593 -0.628606 0.584381 -0.179724 -0.622379 0.586588 -0.177459 -0.196587 -1.352820 -0.599914 -5.371523 -1.730208 4.528504 -0.949887 0.755345 -17.312404 -9.495934 -0.724512 -56.375357 -13.104465 0.000002 -0.000021 -5.389439 6.993180 1.636006 -2.794764 -8.073848 9.717385 27.062996 15.552547 9.017818 -23.605641 -7.471865 13.057647 2.905433 -0.213999 -23.209867 3.844748 1.432900 -40.868642 1.861510 0.302856 -18.480841 6.505438 1.686684 -35.856550 3.612120 1.241864 -37.936701 1.476202 0.188579 -14.559764 9.161410 4.151378 -41.700535 3.259706 0.987560 -33.702230 1.725052 0.259101 -17.083188 6.319978 1.588399 -45.170353 3.637369 1.261659 -38.249114 2.574563 0.594412 -25.998137 3.124802 0.614882 19.178002 8.872434 0.530905 61.258444 6.440770 -0.000005 -0.000015 -1.119593 -0.183832 1.368495 3.444217 -3.503407 -13.261873 -22.801854 18.211811 -0.755091 13.680760 -16.230106 -19.357420 -1.454803 -1.009253 28.246621 -2.279111 0.594152 29.220639 -1.336559 0.195441 16.638471 -5.361718 1.193182 37.248088 -2.417790 0.674870 31.188846 -1.640194 0.297643 20.570834 -8.547276 3.739855 38.326046 -3.075195 1.155761 41.189148 -1.271019 0.176373 15.800782 -6.310985 1.677951 35.331804 -2.226120 0.564962 28.478463 -1.579761 0.275444 19.780757 11.096957 -3.798291 3.888644 -4.218893 15.224860 -2.646396 0.212398 -7.185008 -1.907007 0.000003 -0.363939 -0.000001 -6.127831 -27.927291 1.579312 0.301960 61.473123 1.467307 0.015013 4.409760 -0.850293 0.174686 -5.090114 -3.567884 
0.161974 98.546516 3.884187 -2.974050 -3.707884 1.116324 -3.671584 6.169462 0.333010 -1.040640 0.595056 -0.020955 -1.035404 0.597759 -0.016085 -0.094642 -1.382560 -0.602271 -4.886671 -2.079319 4.394335 -1.676811 0.704825 -17.200079 -12.071640 -2.103074 -54.800759 -15.458373 -0.000006 -0.000038 -6.717097 3.412987 1.394256 -2.794769 -8.073849 9.717390 26.941230 15.501625 9.024732 -24.114835 -7.377181 13.515793 2.910008 -0.201452 -22.912520 3.881565 1.465013 -41.344416 1.858569 0.301884 -18.450706 6.471758 1.656527 -35.535968 3.611309 1.241234 -37.926876 1.473869 0.187959 -14.536541 9.116436 4.071791 -41.263522 3.257765 0.986253 -33.679424 1.727341 0.259794 -17.106613 6.240563 1.512295 -44.784796 3.630539 1.256276 -38.164693 2.571181 0.592767 -25.961095 2.291878 0.680959 18.843447 7.793838 3.415783 62.555968 7.079237 0.000010 -0.000002 -1.584412 0.671471 2.156668 3.444217 -3.503407 -13.261868 -22.893309 18.236998 -0.741997 13.858137 -16.341444 -19.594826 -1.415352 -1.061885 28.704232 -2.279110 0.594153 29.220669 -1.321309 0.190908 16.443267 -5.310784 1.156141 37.572795 -2.416265 0.673940 31.166939 -1.651469 0.301905 20.718675 -8.391320 3.646191 38.674563 -3.074881 1.155483 41.184193 -1.277732 0.178268 15.886511 -6.190293 1.595993 35.469691 -2.225275 0.564507 28.466815 -1.586308 0.277800 19.866191 11.431174 -1.632639 4.376929 -4.223885 15.143670 -2.444842 0.120762 -9.712380 -1.018385 0.000002 -0.550287 0.000000 -6.241021 -30.904690 2.581520 -3.066324 52.901458 -0.893843 0.037788 2.835949 -1.001267 -0.000000 -1.592491 0.000007 
0.234095 98.287407 7.956456 -3.506124 -2.971553 0.520565 -4.690025 5.971787 1.163467 -1.340927 0.581384 0.148502 -1.337087 0.583061 0.155155 -0.000634 -1.415945 -0.598227 -4.299619 -2.464996 4.140592 -2.152804 0.674874 -17.332795 -14.632794 -3.018688 -52.605396 -18.274540 -0.000004 -0.000023 -7.428496 0.913984 2.205021 -2.794761 -8.073848 9.717385 26.854183 15.465299 9.029692 -24.650563 -7.269631 13.993934 2.894696 -0.201673 -22.737773 3.877924 1.461826 -41.297188 1.864477 0.303841 -18.511428 6.455443 1.637050 -35.104365 3.615771 1.244693 -37.981808 1.474201 0.188065 -14.539864 9.070782 3.987889 -40.768255 3.251838 0.982329 -33.610459 1.729570 0.260479 -17.129228 6.185193 1.462296 -44.307861 3.624653 1.251657 -38.091521 2.570914 0.592632 -25.958525 1.689868 0.727583 18.723886 6.282416 6.521133 63.312493 7.809509 0.000004 -0.000020 -1.479377 0.541343 2.290261 3.444218 -3.503407 -13.261871 -22.919478 18.244210 -0.738214 13.486336 -16.051262 -19.108419 -1.412356 -1.034264 28.282007 -2.279109 0.594156 29.220642 -1.300543 0.184824 16.177894 -5.490705 1.294346 37.537514 -2.414042 0.672604 31.135124 -1.661158 0.305571 20.845761 -8.308696 3.564650 38.513815 -3.065312 1.147141 41.028356 -1.282479 0.179635 15.947100 -6.124843 1.540537 35.158221 -2.206157 0.554196 28.200181 -1.591380 0.279642 19.932365 11.864317 0.455769 4.972660 -3.738142 15.106131 -2.071445 0.025925 -12.798335 -0.357249 0.000003 -0.520489 -0.000000 -5.608632 -32.173329 3.363633 -6.938971 40.956440 -3.214700 0.053267 2.725358 -1.234732 -0.000011 -0.627203 0.000005 
0.186169 97.748375 12.092730 -4.373038 -2.471761 0.070333 -5.449897 5.910431 1.890188 -1.571493 0.633930 0.260759 -1.567632 0.634709 0.269831 0.104603 -1.452541 -0.569502 -3.338192 -3.198972 3.861666 -2.194504 0.674192 -17.525506 -16.872244 -4.435518 -50.051305 -20.533152 -0.000017 -0.000018 -7.641862 -0.343337 3.633056 -2.794768 -8.073850 9.717387 26.810221 15.447014 9.032290 -24.987627 -7.194003 14.291712 2.876346 -0.194774 -22.503370 3.878908 1.462700 -41.310183 1.870155 0.305751 -18.569645 6.425147 1.607550 -34.655342 3.618502 1.246828 -38.015409 1.477507 0.188916 -14.573110 9.034622 3.923025 -40.382739 3.250040 0.981131 -33.589122 1.729773 0.260546 -17.131188 6.069072 1.354905 -43.859838 3.618741 1.247014 -38.018472 2.570930 0.592637 -25.958627 1.264203 0.764244 18.869659 4.526926 9.200621 63.680449 8.164970 -0.000011 0.000015 -1.076493 0.257453 1.124854 3.444217 -3.503408 -13.261868 -22.974192 18.259344 -0.730432 13.517145 -16.061434 -19.152317 -1.542921 -0.939021 27.888226 -2.279112 0.594152 29.220639 -1.301654 0.185153 16.191937 -5.611224 1.382736 37.215279 -2.411320 0.670957 31.096222 -1.661909 0.305847 20.855757 -8.358926 3.573808 38.164710 -3.056899 1.139831 40.891888 -1.286127 0.180674 15.993574 -6.196439 1.586028 34.850525 -2.193947 0.547675 28.030360 -1.593036 0.280238 19.954008 12.718306 2.885295 5.829344 -3.245619 15.012582 -2.072977 -0.009778 -15.734258 -0.210343 0.000001 -0.792251 -0.000001 -4.719432 -30.697640 3.770768 -9.320799 24.794748 -3.191815 0.040100 4.868861 -1.361079 -0.000018 -0.412931 0.000006 
0.037670 95.693733 16.896772 -5.373146 -2.105457 0.236137 -6.015008 4.866644 2.171540 -1.733815 1.101424 0.182680 -1.732023 1.100789 0.181079 0.189521 -1.508509 -0.540984 -2.509792 -3.777690 3.753942 -2.011882 0.688552 -17.661155 -18.514346 -6.251360 -47.649551 -21.872062 0.000011 0.000025 -7.927301 -0.539619 4.816463 -2.794769 -8.073851 9.717388 26.720629 15.409791 9.037510 -25.177225 -7.147618 14.459442 2.929073 -0.152044 -22.281687 3.880303 1.463921 -41.328092 1.870817 0.305966 -18.576544 6.403631 1.586354 -34.310649 3.616107 1.244975 -37.986162 1.476889 0.188743 -14.566666 8.978091 3.842566 -40.008089 3.249729 0.980913 -33.585416 1.731521 0.261087 -17.149183 5.946639 1.242121 -43.567591 3.617793 1.246274 -38.006837 2.571163 0.592759 -25.961076 0.794626 0.803893 18.940808 1.995827 11.067137 63.903496 7.751006 0.000011 0.000002 -1.054084 1.155732 -0.750690 3.444217 -3.503406 -13.261870 -23.115749 18.298662 -0.710198 13.780139 -16.227116 -19.505822 -1.821208 -0.761390 27.572963 -2.279110 0.594154 29.220635 -1.322898 0.191379 16.463584 -5.782811 1.505468 36.798365 -2.407454 0.668636 31.040679 -1.650460 0.301522 20.705476 -8.737301 3.841966 37.821261 -3.044345 1.129007 40.688270 -1.281257 0.179279 15.931590 -6.426187 1.772043 34.808437 -2.191099 0.546139 27.990908 -1.586153 0.277744 19.864109 13.148758 2.457974 6.352099 -2.984798 22.448284 -2.644951 0.086691 -22.845905 -0.448616 0.000001 -1.704082 0.000000 -4.720959 -32.284160 3.942740 -9.085482 16.138791 -2.318759 -0.907594 2.857563 -0.186207 0.000008 0.914463 0.000001 
-0.338676 93.880363 21.937948 -6.219297 -1.770090 0.928771 -6.501165 3.717397 1.915019 -1.856932 1.449642 0.074537 -1.856461 1.448901 0.060505 0.255482 -1.573241 -0.566972 -2.040725 -3.786425 3.678154 -1.920396 0.697318 -17.828305 -19.212714 -8.022587 -45.810041 -22.504118 -0.000012 -0.000016 -8.343634 -0.239367 5.504434 -2.794769 -8.073847 9.717385 26.815541 15.449230 9.031949 -24.995926 -7.191358 14.298157 2.942858 -0.141955 -22.282389 3.882004 1.465428 -41.350235 1.871258 0.306115 -18.581093 6.416863 1.592076 -34.132750 3.626595 1.253155 -38.115642 1.477726 0.188971 -14.575340 8.927070 3.779667 -39.774264 3.253248 0.983272 -33.626838 1.732058 0.261262 -17.154737 5.855131 1.158209 -43.408369 3.616563 1.245338 -37.991848 2.571594 0.592969 -25.965664 0.202605 0.842124 18.587171 -1.520002 12.035988 64.100123 6.276975 0.000016 0.000018 -1.699594 2.232842 -0.643170 3.444217 -3.503405 -13.261870 -23.134097 18.303794 -0.707588 13.890820 -16.305900 -19.651276 -2.192989 -0.518143 26.861474 -2.280098 0.594708 29.234449 -1.344256 0.197750 16.737134 -6.046985 1.688224 36.210108 -2.402832 0.665862 30.974587 -1.635993 0.296062 20.515756 -9.260411 4.181522 37.165675 -3.018969 1.107349 40.279425 -1.270202 0.176147 15.790538 -6.740269 2.022480 34.669931 -2.189694 0.545412 27.971278 -1.575825 0.274024 19.729548 13.460701 4.544353 6.556117 -3.223743 25.250508 -2.976564 0.827959 -26.193939 -2.894618 -0.000006 -3.699122 0.000000 -5.096959 -37.122778 3.916855 -8.252312 16.064354 -2.654901 -2.154355 -3.428025 4.703279 0.000017 1.307279 -0.000006 
-0.970121 92.992340 26.640196 -6.696207 -1.556145 1.363223 -7.104464 3.567113 1.704428 -2.016030 1.305106 0.077922 -2.015386 1.304949 0.065132 0.324728 -1.615784 -0.626270 -1.770717 -3.616980 3.595510 -1.934299 0.700609 -18.134671 -18.937495 -9.614074 -44.672094 -22.600007 -0.000003 -0.000016 -8.489876 -0.246894 6.174321 -2.794764 -8.073846 9.717386 26.849520 15.463383 9.030010 -25.040326 -7.184938 14.337523 2.944036 -0.136636 -22.159780 3.884064 1.467237 -41.376784 1.871513 0.306223 -18.583862 6.393555 1.573757 -34.004295 3.625119 1.252017 -38.097347 1.478657 0.189228 -14.584841 8.874603 3.724474 -39.641687 3.250539 0.981455 -33.594982 1.735058 0.262187 -17.185270 5.747370 1.057604 -43.361453 3.615192 1.244247 -37.974547 2.575029 0.594624 -26.002996 -0.309373 0.867845 18.145658 -4.904817 12.790160 64.104112 4.573990 0.000000 -0.000004 -2.727790 4.373086 -0.542397 3.444219 -3.503405 -13.261872 -22.465255 18.064291 -0.794970 12.941975 -15.672938 -18.340260 -2.314184 -0.378154 25.283731 -2.273842 0.591213 29.146562 -1.391622 0.212269 17.345156 -6.376187 1.904850 35.501459 -2.398310 0.663146 30.909943 -1.624923 0.291951 20.370856 -9.592950 4.318827 36.183071 -3.009672 1.099487 40.130333 -1.258092 0.172732 15.635946 -6.884841 2.106040 33.904468 -2.195533 0.548511 28.052579 -1.565513 0.270342 19.595145 14.292282 8.225823 7.530161 -4.574691 23.666640 -3.722173 1.559084 -25.418505 -5.388659 0.000002 -8.610697 0.000003 -4.089940 -39.677361 4.146047 -7.536082 16.047115 -4.058590 -4.545907 -7.805748 9.492370 -0.000000 1.001374 0.000008 
-1.817593 92.359169 31.350994 -6.852604 -1.433456 1.392815 -7.703843 3.723556 1.798266 -2.186506 1.151185 0.100093 -2.186752 1.150049 0.085088 0.358454 -1.717155 -0.672083 -1.855059 -3.900126 3.699685 -2.027536 0.696151 -18.316148 -18.021319 -10.810648 -44.368202 -22.543784 0.000015 -0.000036 -8.226740 -0.720173 6.899543 -2.794769 -8.073845 9.717389 26.634046 15.373907 9.042593 -26.336899 -6.869886 15.478863 2.853049 -0.178547 -21.946450 3.886480 1.469335 -41.407926 1.871710 0.306273 -18.585841 6.264588 1.484653 -33.885730 3.625490 1.252284 -38.101841 1.478158 0.189097 -14.579742 8.737117 3.602807 -39.565134 3.248530 0.980125 -33.571575 1.732255 0.261312 -17.156397 5.603237 0.920955 -43.404124 3.615958 1.244828 -37.984168 2.578756 0.596458 -26.043597 -0.834093 0.903415 18.045343 -7.506780 13.391405 63.842673 3.447942 0.000008 0.000022 -4.539786 7.684046 -0.703579 3.444220 -3.503405 -13.261873 -21.760879 17.770522 -0.882513 12.209230 -15.125210 -17.270458 -2.184997 -0.373461 23.709380 -2.266860 0.587324 29.048631 -1.432253 0.225159 17.868268 -6.497543 1.964147 34.793059 -2.394874 0.661085 30.860905 -1.613651 0.287771 20.223353 -9.718985 4.317322 35.412813 -3.011395 1.100939 40.157862 -1.248749 0.170114 15.516940 -6.816568 2.018627 33.117910 -2.196104 0.548806 28.060299 -1.560975 0.268741 19.535922 15.445049 11.621586 9.091118 -6.495940 22.077895 -4.517366 1.750345 -23.524237 -5.959275 -0.000002 -14.923132 0.000001 -4.129856 -38.713150 4.679150 -7.030218 15.895476 -3.613550 -5.983040 -7.302031 8.822084 0.000003 0.116299 0.000004 
-2.827785 91.992088 36.414696 -6.877631 -1.700678 1.051360 -8.290875 4.191381 2.301213 -2.367897 1.005972 0.159816 -2.367502 1.004472 0.149763 0.366996 -1.856996 -0.725588 -2.029616 -4.387378 3.616501 -1.937684 0.703297 -18.325546 -16.873789 -11.122424 -44.725527 -22.615146 -0.000007 -0.000005 -8.114204 -1.237252 7.579253 -2.794761 -8.073851 9.717385 26.326846 15.247313 9.061192 -27.882803 -6.427293 16.820857 2.734465 -0.226923 -21.586664 3.889207 1.471770 -41.443754 1.871810 0.306312 -18.586850 6.140827 1.400648 -33.836829 3.625131 1.252021 -38.097552 1.479366 0.189417 -14.591932 8.600774 3.485385 -39.524177 3.246377 0.978685 -33.546201 1.727722 0.259923 -17.110367 5.524783 0.844300 -43.501284 3.614318 1.243554 -37.963715 2.575180 0.594712 -26.004811 -1.222532 0.934041 18.088127 -8.463089 14.165775 63.861422 3.377670 -0.000004 -0.000009 -6.010532 12.316730 -0.758231 3.444219 -3.503408 -13.261869 -21.282825 17.572835 -0.943268 12.049157 -15.028730 -16.998604 -1.732715 -0.535308 22.711725 -2.274855 0.591752 29.160694 -1.440545 0.227852 17.975221 -6.259394 1.784139 34.395432 -2.397768 0.662825 30.902136 -1.610473 0.286594 20.181887 -9.481875 4.099651 35.035032 -3.012834 1.102159 40.180931 -1.245545 0.169235 15.476205 -6.518450 1.774398 32.674095 -2.195732 0.548619 28.055200 -1.562334 0.269217 19.553698 16.475241 15.776888 10.711944 -7.288061 19.591742 -3.704135 1.969887 -19.285860 -7.398342 0.000001 -21.983391 0.000001 -6.059054 -37.399234 6.003062 -5.783855 19.055391 -1.114597 -3.001090 -3.140393 -0.114217 -0.000003 -2.508986 0.000001 
-4.019875 92.110748 41.679825 -6.684449 -2.361032 0.426236 -9.066506 4.960282 2.988634 -2.614588 0.736310 0.284855 -2.612823 0.735750 0.283086 0.383516 -1.935895 -0.709677 -1.962789 -4.091869 3.292452 -1.416190 0.743648 -18.336785 -15.667834 -10.188318 -45.706673 -22.387564 0.000011 0.000014 -8.596685 -1.284513 7.827998 -2.794766 -8.073855 9.717384 25.841413 15.049547 9.091935 -29.394983 -5.920843 18.111146 2.654518 -0.248464 -21.265932 3.892351 1.474505 -41.484172 1.871806 0.306312 -18.586709 6.045704 1.336774 -33.838164 3.619936 1.247953 -38.033468 1.480114 0.189587 -14.599181 8.510339 3.413857 -39.583849 3.240497 0.974804 -33.477687 1.727850 0.259950 -17.111471 5.462845 0.781000 -43.656097 3.612085 1.241820 -37.936295 2.573074 0.593704 -25.981918 -1.072566 0.928810 18.231003 -8.207108 15.588611 63.901734 4.086241 -0.000008 -0.000004 -6.321881 14.832420 0.570670 3.444220 -3.503409 -13.261870 -20.992633 17.454087 -0.980844 12.151062 -15.143899 -17.110794 -1.386415 -0.673979 22.431350 -2.280542 0.594956 29.240675 -1.441676 0.228204 17.989591 -6.056451 1.645680 34.441652 -2.399689 0.663975 30.929528 -1.610564 0.286631 20.183045 -9.223621 3.916219 35.055721 -3.017771 1.106334 40.260359 -1.245429 0.169209 15.474700 -6.272829 1.585185 32.540213 -2.208416 0.555412 28.231766 -1.563794 0.269722 19.572763 17.245850 18.959707 12.541399 -6.562532 18.462290 -1.744018 1.703527 -11.053058 -10.438361 -0.003807 -31.424375 0.751020 -6.104467 -34.037425 7.139146 -5.854105 18.863172 -0.584085 -0.762104 3.996682 -5.741207 -0.000007 -4.409318 -0.000004 
-5.368859 92.577759 46.742214 -6.640499 -2.610536 -0.059286 -9.375466 5.477530 3.306123 -2.721020 0.319918 0.416882 -2.720293 0.320485 0.418934 0.347495 -2.031052 -0.644161 -2.354867 -3.103188 3.323790 -0.754543 0.794032 -18.304697 -14.369919 -8.574952 -47.541323 -21.643992 -0.000005 0.000004 -8.948274 -0.679863 7.161043 -2.794768 -8.073857 9.717388 25.324745 14.842122 9.126450 -30.935569 -5.330421 19.399815 2.505141 -0.293101 -20.925768 3.900145 1.481431 -41.585812 1.871654 0.306245 -18.585281 5.940937 1.264246 -33.564147 3.614472 1.243700 -37.965928 1.480415 0.189676 -14.602366 8.442523 3.344629 -39.402443 3.230542 0.968237 -33.361482 1.728586 0.260185 -17.119232 5.386256 0.704446 -43.770796 3.606151 1.237206 -37.863113 2.573984 0.594131 -25.991735 -0.991638 0.929913 18.410898 -7.880351 16.617739 63.628458 4.752726 0.000008 -0.000007 -6.383750 13.617897 2.778302 3.444220 -3.503410 -13.261872 -21.138250 17.513254 -0.961974 12.706829 -15.600818 -17.890366 -1.369977 -0.714681 23.021241 -2.274549 0.591598 29.156534 -1.441538 0.228159 17.988068 -5.911679 1.553184 34.730047 -2.396169 0.661871 30.879545 -1.616959 0.288989 20.266561 -9.103595 3.872146 35.445499 -3.016716 1.105446 40.243341 -1.248963 0.170184 15.519725 -6.180464 1.524570 32.821026 -2.206908 0.554585 28.210725 -1.566747 0.270794 19.611232 16.345360 17.714833 13.368792 -5.414837 22.613715 0.034235 0.335504 2.903949 -14.520936 -0.065075 -45.775774 0.115652 -5.153940 -30.666347 7.854408 -6.556688 17.936164 -1.125746 -1.836883 9.337988 -8.010472 0.000007 -3.701333 -0.000000 
-6.649268 92.647438 51.678001 -7.562635 -2.452336 -0.286943 -8.616355 5.400934 3.373491 -2.513367 0.154032 0.487247 -2.515942 0.151534 0.486630 0.239653 -2.172516 -0.671866 -3.447800 -2.731874 3.660676 -0.502906 0.815336 -18.362682 -12.736286 -7.240588 -49.835400 -20.710845 -0.000003 -0.000008 -9.067414 -0.118172 6.273525 -2.794768 -8.073848 9.717387 24.827287 14.645411 9.161401 -32.189691 -4.793116 20.427460 2.432736 -0.305250 -20.557970 3.876230 1.460340 -41.275376 1.871256 0.306137 -18.581192 5.898965 1.232221 -33.036013 3.601341 1.233453 -37.803424 1.481499 0.189983 -14.613249 8.468909 3.339466 -39.010755 3.217676 0.959795 -33.211593 1.730369 0.260727 -17.137392 5.402451 0.718527 -43.809414 3.597103 1.230196 -37.751507 2.574535 0.594403 -25.997916 -1.124357 0.939520 18.388618 -6.748707 15.890645 63.679069 5.035574 0.000007 0.000000 -5.906309 11.869116 3.144603 3.444218 -3.503407 -13.261871 -21.714553 17.751042 -0.888326 13.853093 -16.450538 -19.473264 -1.588575 -0.701376 24.530776 -2.272481 0.590449 29.127601 -1.409271 0.217814 17.572284 -5.773568 1.467821 35.245316 -2.390409 0.658444 30.797391 -1.632268 0.294666 20.466845 -9.000496 3.873413 36.167791 -3.005128 1.095680 40.057560 -1.258471 0.172838 15.640944 -6.201185 1.558775 33.497181 -2.185984 0.543447 27.919713 -1.572136 0.272701 19.681424 13.876545 14.254605 11.889755 -3.957128 28.693457 1.864637 -2.024083 19.950255 -14.238799 5.883002 -67.593280 -8.351572 -5.561071 -30.166336 8.484931 -7.389180 22.855568 -1.103062 -1.530765 7.821644 -10.005028 0.000004 -3.142168 -0.000001 
-7.831717 93.070992 56.287712 -9.359888 -2.754533 -0.448429 -7.352296 5.748025 3.317985 -2.162542 0.183397 0.495735 -2.166074 0.179454 0.496297 0.112650 -2.212639 -0.717547 -4.515686 -3.015818 4.037671 -0.322297 0.834809 -18.533542 -10.903256 -5.902736 -51.865164 -19.563009 -0.000009 -0.000018 -9.168146 -0.205200 5.691436 -2.794773 -8.073851 9.717384 24.193493 14.399282 9.208104 -32.375131 -4.711719 20.563068 2.630118 -0.237321 -20.773356 3.834691 1.424224 -40.739258 1.868242 0.305113 -18.550145 6.081014 1.350224 -32.979674 3.585615 1.221319 -37.610204 1.480279 0.189638 -14.601018 8.719852 3.543323 -38.976539 3.206015 0.952191 -33.075806 1.733926 0.261834 -17.173799 5.715489 1.017334 -43.813314 3.598842 1.231546 -37.772917 2.572908 0.593619 -25.980183 -0.608636 0.910193 18.675598 -4.706726 13.714708 63.835638 4.724779 0.000011 -0.000020 -5.473979 7.500704 4.471868 3.444222 -3.503409 -13.261868 -22.387309 18.034150 -0.805032 14.619031 -16.950653 -20.527570 -1.767179 -0.699167 26.035802 -2.280040 0.594661 29.233623 -1.351267 0.199863 16.826927 -5.735632 1.452208 35.822020 -2.389026 0.657598 30.777413 -1.648422 0.300747 20.678744 -8.838775 3.830848 36.932192 -3.002053 1.093096 40.008407 -1.272263 0.176725 15.816623 -6.262752 1.621452 34.133802 -2.180313 0.540440 27.841224 -1.578351 0.274939 19.762435 10.949738 8.121111 10.218783 -1.331065 40.638645 3.522947 -2.328211 23.218427 -12.796353 15.552226 -61.063455 -19.944195 -5.340862 -28.831359 9.225772 -7.835906 27.160123 -1.562353 -0.293106 4.239261 -10.208383 -0.000005 -3.301045 -0.000001 
-8.936307 93.977341 60.716038 -11.433933 -3.468253 -0.359936 -6.075692 6.211237 3.075722 -1.796576 0.253881 0.382585 -1.798359 0.251880 0.384421 -0.030724 -2.070648 -0.688468 -5.404833 -2.863532 4.285715 0.140546 0.877690 -18.701155 -8.916296 -4.230896 -53.623293 -17.979515 -0.000019 -0.000011 -8.978677 -0.176102 4.847906 -2.794767 -8.073849 9.717391 23.485177 14.129787 9.263229 -31.739370 -4.995009 20.021590 2.825151 -0.161616 -21.315076 3.844027 1.432291 -40.859513 1.863686 0.303563 -18.503059 6.341966 1.527601 -33.376402 3.578641 1.215979 -37.524523 1.477867 0.189020 -14.576754 9.044383 3.841050 -39.330002 3.196410 0.945933 -32.964279 1.732168 0.261282 -17.155651 6.174589 1.447216 -44.092146 3.608643 1.239149 -37.893784 2.569302 0.591848 -25.940977 0.205377 0.863358 19.305818 -2.479493 10.490546 63.413860 4.532547 -0.000005 -0.000023 -5.921461 4.098700 5.802131 3.444220 -3.503407 -13.261870 -22.634741 18.139881 -0.775095 14.310459 -16.710114 -20.157107 -1.697672 -0.746470 26.243820 -2.280071 0.594685 29.234026 -1.332616 0.194263 16.588197 -5.744903 1.461633 35.963647 -2.390712 0.658612 30.801585 -1.656628 0.303841 20.786308 -8.697682 3.745314 37.161512 -3.009252 1.099142 40.123577 -1.281941 0.179483 15.940268 -6.230710 1.598218 34.221888 -2.181696 0.541166 27.860248 -1.582050 0.276265 19.810641 8.517755 1.833170 8.424930 1.087231 50.521536 5.147304 -1.452458 17.259712 -11.209388 9.590731 -42.296083 -14.798308 -4.498674 -25.422155 9.719934 -7.630421 28.369508 -2.113190 0.790277 0.705995 -9.972648 -0.000009 -3.486414 0.000000 
-9.978846 95.140617 65.086388 -13.880878 -4.046946 0.399134 -4.497210 6.331472 2.268298 -1.321707 0.318583 0.192486 -1.320592 0.319014 0.194756 -0.203052 -1.878139 -0.631298 -6.386699 -2.164281 4.268077 0.683684 0.925039 -18.770606 -6.426439 -2.800395 -55.767111 -15.969544 0.000002 -0.000015 -8.384756 1.174750 3.865053 -2.794763 -8.073849 9.717384 22.912377 13.916361 9.309888 -31.410107 -5.136152 19.733641 2.960839 -0.096377 -21.524559 3.848918 1.436517 -40.922539 1.858367 0.301799 -18.448394 6.542923 1.672932 -33.911800 3.565451 1.205861 -37.362583 1.476443 0.188644 -14.562472 9.305387 4.140530 -40.198248 3.188601 0.940892 -32.873738 1.726493 0.259540 -17.098001 6.618888 1.796238 -44.660848 3.619281 1.247445 -38.025070 2.563978 0.589271 -25.883091 0.731837 0.820187 19.369484 0.260046 6.660745 62.962787 5.238410 0.000008 0.000018 -5.046508 7.195452 1.566637 3.444215 -3.503409 -13.261873 -22.672203 18.155949 -0.770624 13.937214 -16.433468 -19.678883 -1.495786 -0.854868 26.244831 -2.280087 0.594706 29.234357 -1.320863 0.190772 16.437537 -5.717701 1.445053 36.141065 -2.393145 0.660056 30.836180 -1.666526 0.307627 20.916293 -8.443005 3.556382 37.245913 -3.019860 1.108094 40.293659 -1.290276 0.181879 16.046723 -6.099383 1.492498 34.163759 -2.182520 0.541606 27.871818 -1.587638 0.278281 19.883456 6.968250 -4.083754 6.123512 2.968672 56.061814 6.106128 -0.715202 11.232328 -9.272262 4.547326 -30.913627 -9.146165 -3.802610 -20.964728 9.519805 -5.393413 27.429316 -1.804940 1.147095 -1.799205 -9.822428 -0.000002 -3.704468 -0.000007 
-11.018474 96.278275 69.478722 -16.708929 -4.302788 1.351738 -2.586482 6.163471 1.346894 -0.754226 0.365775 0.015399 -0.751293 0.366959 0.017036 -0.378358 -1.732401 -0.615397 -7.395469 -1.406356 4.104243 1.291304 0.975863 -18.777908 -3.704368 -1.139115 -58.012485 -14.080772 -0.000009 -0.000018 -7.406730 3.548647 2.825546 -2.794764 -8.073845 9.717387 22.065310 13.608510 9.381959 -32.218474 -4.791014 20.363673 2.918486 -0.096689 -21.040428 3.834920 1.424419 -40.742140 1.844321 0.297149 -18.304133 6.681906 1.771332 -34.085970 3.536606 1.183971 -37.010114 1.477946 0.189040 -14.577410 9.476042 4.353538 -40.860890 3.174657 0.931895 -32.711842 1.718771 0.257164 -17.019144 7.061837 2.127106 -44.697086 3.629811 1.255677 -38.155295 2.555679 0.585250 -25.793421 1.171175 0.779077 19.184331 3.762761 3.560942 62.343453 6.569822 -0.000010 0.000005 -1.922581 5.114449 -0.274964 3.444218 -3.503409 -13.261874 -22.608227 18.128442 -0.778268 13.748443 -16.297280 -19.426950 -1.201869 -1.009962 26.277486 -2.280113 0.594709 29.234682 -1.292712 0.182575 16.077678 -5.647180 1.395725 36.283949 -2.402575 0.665699 30.970987 -1.683750 0.314248 21.142723 -8.047425 3.259678 37.357665 -3.038246 1.123775 40.589929 -1.297357 0.183908 16.137131 -5.865367 1.305697 34.081927 -2.183402 0.542072 27.884044 -1.596571 0.281524 20.000136 6.421670 -9.569447 4.218179 2.960469 57.729073 5.177797 -0.353602 7.346239 -8.772794 1.817614 -28.662510 -3.956720 -3.380087 -16.322769 8.999678 -2.065098 25.574038 -1.134665 1.325719 -3.676062 -9.769920 -0.000005 -3.862886 0.000001 
-12.091153 97.187790 73.829262 -19.429981 -4.391376 1.951679 -0.844229 5.989357 0.810579 -0.252672 0.396375 -0.097568 -0.249257 0.397208 -0.097156 -0.520699 -1.649117 -0.623874 -8.176350 -0.930800 3.905404 1.898021 1.024185 -18.729453 -1.224909 1.339506 -59.899878 -12.750387 -0.000004 -0.000040 -6.334016 5.691945 1.346253 -2.794775 -8.073848 9.717386 21.119695 13.274354 9.466693 -32.923715 -4.478396 20.895852 2.976821 -0.047874 -20.622725 3.794177 1.389658 -40.220570 1.843133 0.296761 -18.292249 6.863813 1.892262 -33.991420 3.525586 1.175709 -36.875652 1.477434 0.188901 -14.572484 9.653701 4.554477 -41.278293 3.176324 0.932978 -32.731025 1.715759 0.256238 -16.988386 7.491605 2.436063 -44.437481 3.643871 1.266779 -38.329826 2.554108 0.584492 -25.776410 1.638144 0.741036 19.259597 7.393018 0.991436 60.953250 8.691470 0.000001 0.000012 1.331885 -0.702426 -0.319175 3.444216 -3.503404 -13.261871 -22.548054 18.102607 -0.785531 13.831275 -16.364594 -19.529092 -0.897423 -1.153052 26.200942 -2.280138 0.594728 29.235047 -1.278596 0.178529 15.897486 -5.479201 1.272624 36.324968 -2.407441 0.668629 31.040655 -1.694128 0.318267 21.279340 -7.701763 3.002278 37.501017 -3.051601 1.135253 40.805978 -1.297409 0.183922 16.137782 -5.652516 1.137513 34.069885 -2.183598 0.542186 27.886763 -1.603760 0.284139 20.094135 6.086443 -14.619581 3.039872 2.591975 56.534029 4.199553 -0.038524 3.726176 -7.965657 0.432927 -24.073178 -1.137634 -3.440434 -11.952864 8.493206 1.554117 23.779189 -0.249907 1.477662 -5.085472 -9.991419 0.000000 -4.033739 0.000003 
-13.118421 97.695328 78.032928 -21.771151 -4.233399 2.393927 0.466262 5.834196 0.401172 0.120742 0.408841 -0.155576 0.123763 0.409297 -0.156291 -0.614126 -1.640580 -0.653149 -8.724494 -0.919251 3.724621 2.264997 1.050903 -18.647567 1.271456 4.043998 -61.559129 -11.581101 0.000007 -0.000018 -5.582228 7.535224 -0.685566 -2.794768 -8.073851 9.717384 21.118011 13.273603 9.466882 -32.083000 -4.852311 20.214961 3.008657 -0.031352 -20.550950 3.797321 1.392304 -40.260714 1.842475 0.296537 -18.285263 7.023458 2.000122 -33.975086 3.518975 1.170743 -36.795366 1.476766 0.188727 -14.565530 9.785388 4.699766 -41.524709 3.173762 0.931313 -32.701788 1.711172 0.254853 -16.941335 7.750121 2.623253 -44.375766 3.650740 1.272214 -38.415139 2.544606 0.579909 -25.673612 1.965967 0.711736 19.130380 11.275376 -1.438514 59.067264 11.517970 -0.000009 0.000027 4.665998 -5.308984 -0.862982 3.444214 -3.503405 -13.261866 -22.472350 18.070158 -0.794721 13.860417 -16.392674 -19.559584 -0.803690 -1.206288 26.301126 -2.280167 0.594731 29.235327 -1.271083 0.176408 15.801692 -5.430172 1.237410 36.410741 -2.410376 0.670390 31.082681 -1.695150 0.318667 21.292794 -7.583562 2.918923 37.625480 -3.063699 1.145739 41.002124 -1.299174 0.184440 16.160345 -5.597656 1.093168 34.038504 -2.189559 0.545351 27.969510 -1.604575 0.284437 20.104713 5.537378 -19.158098 2.228486 3.202958 52.623862 4.451111 0.137815 1.075085 -6.565420 0.301630 -17.092513 -1.179199 -3.921657 -8.416064 7.741767 4.961632 22.762393 0.696859 1.651215 -6.848941 -10.245957 0.000003 -4.118419 -0.000000 
-14.125941 97.823807 82.115280 -23.723129 -3.833893 2.562515 1.330667 5.629223 0.171367 0.361012 0.395301 -0.176199 0.363493 0.395715 -0.177575 -0.668779 -1.669411 -0.668838 -8.991377 -1.318844 3.587787 2.444488 1.054898 -18.437233 3.929624 6.653193 -62.952686 -10.383389 0.000010 0.000012 -4.851307 9.129663 -2.589939 -2.794768 -8.073849 9.717388 20.981241 13.226387 9.479395 -31.103005 -5.265414 19.412087 3.115312 0.020425 -20.602284 3.802853 1.396999 -40.331290 1.839001 0.295386 -18.249615 7.147615 2.081035 -33.886054 3.515899 1.168435 -36.757841 1.477163 0.188831 -14.569509 9.904717 4.822398 -41.651767 3.167345 0.927214 -32.627431 1.710907 0.254765 -16.938652 7.979754 2.786205 -44.285738 3.645112 1.267749 -38.344942 2.540822 0.578099 -25.632838 2.252540 0.685556 18.898312 15.135303 -3.768096 56.822960 14.865444 0.000009 0.000015 7.411052 -9.813546 -2.003440 3.444213 -3.503406 -13.261869 -22.376268 18.029075 -0.806415 13.759881 -16.325142 -19.419216 -0.792843 -1.232230 26.569004 -2.280160 0.594737 29.235433 -1.255127 0.171897 15.598404 -5.448130 1.252692 36.608960 -2.417643 0.674787 31.186937 -1.695018 0.318617 21.290975 -7.465763 2.830453 37.678800 -3.083758 1.163281 41.328792 -1.298409 0.184216 16.150529 -5.571626 1.072678 34.000357 -2.205166 0.553667 28.186389 -1.607620 0.285565 20.144589 5.072925 -22.844990 2.108690 4.582742 45.865591 5.408957 0.174451 0.136059 -5.652388 0.161324 -7.897243 -1.915646 -4.553950 -5.656034 6.929904 7.981650 22.416401 1.698730 1.822553 -8.953820 -10.384143 -0.000017 -4.068313 0.000001 
-15.154150 97.648842 86.128128 -25.307560 -3.495885 2.360174 1.807875 5.565358 0.244954 0.483300 0.396643 -0.158147 0.485305 0.397330 -0.159860 -0.705026 -1.723212 -0.633826 -8.988952 -1.985430 3.368399 2.602418 1.048037 -18.079255 6.251180 9.145878 -64.017253 -9.144059 -0.000018 -0.000021 -3.931701 10.288544 -3.819379 -2.794766 -8.073851 9.717384 19.736163 12.806357 9.597376 -31.250397 -5.218788 19.484814 3.336178 0.145081 -20.356411 3.783047 1.380265 -40.078918 1.836522 0.294566 -18.224090 7.374660 2.218545 -33.514690 3.512045 1.165575 -36.711085 1.478715 0.189229 -14.585288 10.145198 5.035532 -41.600285 3.143276 0.911884 -32.349186 1.712904 0.255376 -16.959092 8.433054 3.087101 -43.836724 3.644186 1.267013 -38.333723 2.535558 0.575569 -25.575701 2.843676 0.637258 18.899091 18.285349 -6.000372 54.145324 18.365038 -0.000005 0.000022 9.310185 -13.267035 -3.847642 3.444215 -3.503406 -13.261868 -22.345147 18.016429 -0.809358 13.641397 -16.237964 -19.261284 -0.715670 -1.292142 26.842749 -2.280163 0.594734 29.235416 -1.260991 0.173540 15.673042 -5.364992 1.192549 36.822059 -2.421554 0.677146 31.242993 -1.697156 0.319462 21.319377 -7.375702 2.773052 37.886622 -3.099941 1.177575 41.593629 -1.296951 0.183803 16.131995 -5.477515 0.999657 34.038767 -2.212873 0.557812 28.293917 -1.610580 0.286649 20.183245 4.910248 -24.999298 2.717049 6.854465 35.970266 6.636196 0.191947 0.551035 -6.329225 -0.000014 -2.283136 0.000003 -5.111154 -2.960959 6.256300 10.437668 22.207909 2.632034 2.245552 -11.342455 -10.784020 0.000016 -4.677206 -0.000003 
-16.204245 97.228615 90.084145 -26.722531 -3.028007 1.958986 2.166286 5.431467 0.423757 0.571686 0.383105 -0.100031 0.572740 0.384472 -0.101768 -0.739521 -1.810454 -0.568328 -8.936522 -2.621430 3.196129 2.741140 1.040841 -17.759137 8.082533 11.298544 -64.752365 -7.722290 -0.000001 -0.000009 -3.082759 12.014908 -4.547543 -2.794771 -8.073848 9.717388 18.275858 12.337019 9.743028 -31.705458 -5.048618 19.791335 3.558471 0.260705 -20.357626 3.746789 1.350011 -39.618813 1.836466 0.294552 -18.223612 7.671879 2.393414 -33.047488 3.502330 1.158346 -36.592793 1.479165 0.189353 -14.589996 10.412216 5.270150 -41.530084 3.121308 0.898042 -32.096005 1.714702 0.255924 -16.977706 8.882069 3.369730 -43.331673 3.647849 1.269907 -38.379164 2.531970 0.573858 -25.536814 3.541890 0.580086 18.927306 20.834037 -8.071298 51.341576 21.771957 0.000001 0.000037 10.596597 -15.570905 -5.439326 3.444222 -3.503409 -13.261870 -22.355868 18.020228 -0.808903 13.574388 -16.185930 -19.174491 -0.629905 -1.353846 27.071853 -2.280147 0.594717 29.235098 -1.267286 0.175330 15.753247 -5.284980 1.133423 36.984873 -2.424252 0.678824 31.281600 -1.699244 0.320275 21.347000 -7.280959 2.708794 38.058944 -3.105177 1.182257 41.679850 -1.296968 0.183809 16.132154 -5.379130 0.922378 34.041099 -2.212906 0.557811 28.294159 -1.611282 0.286916 20.192459 4.978619 -25.008263 3.537755 8.265782 21.986065 6.388884 0.349018 2.624063 -6.829098 0.000019 -2.046355 0.000000 -5.455785 -0.447136 5.635448 10.854513 22.036828 2.834670 4.177133 -13.915284 -11.326953 -0.000006 -5.560549 0.000001 
-17.346167 96.511314 94.056564 -27.995865 -2.234399 1.257896 2.392415 4.862704 0.773317 0.620742 0.382695 -0.014226 0.619509 0.385502 -0.014484 -0.755354 -1.927647 -0.521999 -8.888927 -3.086155 3.273047 2.967106 1.053685 -17.680354 9.605662 12.951710 -64.994817 -6.384820 0.000027 0.000011 -2.139493 14.737137 -5.040745 -2.794770 -8.073849 9.717390 17.123306 11.984820 9.862451 -31.910152 -4.977563 19.902978 3.762991 0.362726 -20.512188 3.742652 1.346594 -39.566893 1.833353 0.293542 -18.191492 7.900896 2.529682 -32.791940 3.493244 1.151609 -36.483046 1.479357 0.189406 -14.591705 10.588657 5.442509 -41.614444 3.113551 0.893186 -32.006799 1.710717 0.254709 -16.936972 9.263630 3.607859 -42.987230 3.650816 1.272262 -38.415859 2.528672 0.572293 -25.501585 4.011487 0.541481 18.924851 23.301899 -10.176614 48.581428 24.279132 -0.000003 0.000007 11.833123 -16.577614 -6.769237 3.444213 -3.503406 -13.261871 -22.424715 18.049613 -0.800497 13.417156 -16.059076 -18.974300 -0.632943 -1.370104 27.287267 -2.280099 0.594696 29.234501 -1.258329 0.172812 15.639059 -5.250616 1.108278 37.149389 -2.427151 0.680530 31.323012 -1.700040 0.320573 21.357209 -7.214888 2.665238 38.209478 -3.117737 1.193452 41.886217 -1.294934 0.183212 16.106238 -5.380364 0.923544 34.081828 -2.213018 0.557905 28.296063 -1.610556 0.286653 20.182782 5.180361 -25.026517 4.507849 7.922873 8.640154 4.938331 1.344311 7.718072 -6.565906 0.000000 -2.674542 0.000001 -5.483802 1.507310 5.336567 10.904801 22.293556 3.027233 5.921091 -16.621127 -11.898376 0.000002 -5.501092 -0.000000 
-18.644907 95.222916 98.356209 -28.976961 -1.549701 0.499041 2.444177 3.909705 1.190492 0.616882 0.582595 -0.017101 0.613677 0.587314 -0.013241 -0.769437 -2.014062 -0.487331 -8.980085 -3.521193 3.541867 3.069115 1.060739 -17.659200 10.808765 14.320721 -64.778716 -5.489832 0.000001 -0.000016 -0.712970 17.906429 -5.543186 -2.794770 -8.073851 9.717384 16.722038 11.865683 9.904901 -31.419990 -5.187731 19.491413 3.865255 0.410245 -20.743430 3.685902 1.300312 -38.853569 1.830520 0.292593 -18.162378 8.008767 2.601462 -32.813154 3.487323 1.147224 -36.411032 1.480096 0.189590 -14.599116 10.630067 5.489420 -41.680215 3.109673 0.890751 -31.962543 1.713571 0.255576 -16.965970 9.463661 3.719444 -42.712629 3.650427 1.271957 -38.411249 2.528492 0.572190 -25.499408 4.215518 0.523784 19.036386 25.477290 -12.419781 46.115883 25.389114 -0.000014 0.000056 12.830425 -16.032576 -7.478566 3.444218 -3.503407 -13.261871 -22.570910 18.112232 -0.782789 13.218083 -15.891359 -18.725165 -0.763735 -1.308704 27.353777 -2.280042 0.594681 29.233568 -1.261278 0.173610 15.676664 -5.357752 1.189998 37.222793 -2.429842 0.682190 31.361695 -1.698426 0.319960 21.336087 -7.270614 2.707158 38.169310 -3.131639 1.205947 42.115199 -1.291631 0.182252 16.063859 -5.488127 1.008354 34.040792 -2.216164 0.559557 28.339768 -1.607112 0.285373 20.137776 5.824297 -27.931439 5.723380 7.337943 2.204423 3.114642 0.911963 2.107352 -8.246544 -0.000005 -3.162566 0.000004 -5.543799 2.935600 5.047514 10.947570 24.318846 3.463602 7.584782 -20.264517 -12.500723 0.000012 -6.072235 -0.000003 
-19.959318 94.509735 102.617790 -29.885465 -1.307123 0.133831 2.606769 3.666190 1.158981 0.660843 0.618717 -0.048253 0.657892 0.619912 -0.043322 -0.806446 -2.029230 -0.488462 -9.336015 -3.915289 3.773978 2.900195 1.044672 -17.586634 11.877946 15.504408 -64.225143 -5.019630 0.000011 -0.000008 0.583376 21.006641 -6.676131 -2.794768 -8.073852 9.717387 17.723699 12.166265 9.799786 -29.817771 -5.788678 18.234773 3.907772 0.423392 -21.148175 3.692513 1.305660 -38.936327 1.835169 0.294125 -18.210212 7.984261 2.595501 -32.982434 3.488485 1.148096 -36.425245 1.482921 0.190332 -14.627620 10.649832 5.487425 -41.533342 3.112607 0.892592 -31.996168 1.717257 0.256701 -17.003539 9.356811 3.627706 -42.561159 3.644624 1.267367 -38.339102 2.530217 0.573020 -25.518181 4.347091 0.512512 19.066243 26.756658 -14.660110 44.627633 25.376677 -0.000005 0.000020 13.290972 -15.082844 -8.583523 3.444218 -3.503408 -13.261870 -22.539841 18.099228 -0.786295 13.156379 -15.845272 -18.640259 -0.775201 -1.302477 27.349309 -2.279956 0.594608 29.232243 -1.271201 0.176440 15.803333 -5.350302 1.183985 37.169439 -2.430246 0.682429 31.367548 -1.696576 0.319225 21.311592 -7.274034 2.704697 38.081477 -3.129359 1.203880 42.077309 -1.293686 0.182861 16.090322 -5.518607 1.032317 34.017795 -2.221666 0.562542 28.416350 -1.608059 0.285708 20.150212 6.857194 -31.775546 6.644653 3.138154 2.294219 0.515549 0.578068 -1.829838 -9.825349 -0.000001 -4.689985 0.000002 -5.709062 6.225941 4.231000 10.574337 23.232465 2.972991 9.153089 -21.429522 -12.159717 0.000007 -7.692525 -0.000000 
-21.186768 93.847130 106.978394 -30.758043 -1.280261 0.119126 2.924330 3.734663 1.010957 0.749027 0.624565 -0.109108 0.747272 0.623658 -0.103873 -0.854678 -2.064286 -0.565941 -9.870329 -4.273078 3.737703 2.812622 1.041420 -17.620843 12.515674 16.178840 -63.392843 -4.807158 0.000008 0.000021 0.892766 23.497391 -8.178902 -2.794766 -8.073848 9.717385 20.131494 12.940342 9.558699 -26.675121 -6.755186 15.699301 3.884818 0.391076 -21.771626 3.731389 1.337335 -39.424753 1.844077 0.297062 -18.301683 7.842756 2.537600 -33.613444 3.498573 1.155541 -36.547396 1.482926 0.190349 -14.627876 10.477555 5.289655 -41.224894 3.119033 0.896615 -32.070060 1.721272 0.257938 -17.044450 8.876703 3.300130 -42.646752 3.630824 1.256493 -38.168087 2.536531 0.576034 -25.586389 4.580525 0.495706 18.818793 26.854548 -16.495523 44.328819 24.963517 -0.000005 0.000002 13.206768 -14.713187 -9.769037 3.444219 -3.503410 -13.261871 -22.509445 18.085957 -0.790114 13.207015 -15.887891 -18.704705 -0.607012 -1.367521 27.098313 -2.279809 0.594548 29.230443 -1.271900 0.176623 15.812306 -5.241519 1.101030 37.046908 -2.426515 0.680168 31.314030 -1.704267 0.322220 21.413015 -7.195393 2.643924 38.107306 -3.121610 1.196924 41.949762 -1.297139 0.183832 16.134295 -5.338805 0.891125 33.976390 -2.212699 0.557707 28.291316 -1.613266 0.287624 20.218262 6.277962 -32.623856 6.707490 -2.157535 2.327693 0.133721 0.588925 -1.878423 -9.649176 -0.000002 -5.679505 0.000001 -5.570271 9.528252 3.376317 10.194897 22.415004 1.872574 9.773714 -21.937630 -11.489273 -0.000012 -10.789207 0.000003 
-22.442194 93.306427 111.626404 -31.776157 -1.618557 0.492281 3.637151 4.000615 0.657217 0.954193 0.612226 -0.187269 0.954241 0.616487 -0.183764 -0.938810 -2.071152 -0.665476 -10.661084 -4.603093 3.557312 2.827414 1.052581 -17.780550 12.317515 16.326386 -62.492672 -4.920504 0.000002 0.000000 0.966234 25.165432 -8.853241 -2.794764 -8.073848 9.717386 23.387657 14.094068 9.270931 -22.853292 -7.584038 12.447462 3.677736 0.253589 -22.466946 3.830752 1.420828 -40.688646 1.850073 0.299047 -18.363372 7.575381 2.388787 -34.252108 3.518718 1.170558 -36.792279 1.481738 0.190025 -14.615773 10.228744 5.050488 -41.104693 3.122898 0.899015 -32.114402 1.727129 0.259730 -17.104358 8.218523 2.875679 -43.128652 3.619618 1.247704 -38.029189 2.541776 0.578554 -25.642852 4.863787 0.476300 18.549079 25.919731 -17.311336 44.682090 24.494358 0.000005 0.000024 12.934613 -14.393468 -9.830299 3.444220 -3.503405 -13.261873 -22.542467 18.099928 -0.786238 13.477468 -16.096150 -19.065553 -0.425986 -1.424775 26.699869 -2.279634 0.594448 29.228084 -1.274244 0.177290 15.842040 -5.056101 0.961249 36.786046 -2.421515 0.677096 31.242009 -1.706479 0.323093 21.442069 -7.172515 2.624061 38.076491 -3.109121 1.185759 41.744354 -1.301646 0.185143 16.191607 -5.260627 0.829976 33.962829 -2.205200 0.553677 28.186972 -1.614881 0.288236 20.239346 6.309036 -30.682709 6.222047 -5.059977 2.226022 -0.260307 -0.020688 2.744353 -8.701232 -0.000009 -6.760921 -0.000012 -5.492059 13.090265 2.188819 9.742739 21.795243 0.284576 9.918557 -21.124261 -10.389306 0.000011 -15.984053 -0.000006 
-23.821585 93.275627 116.584366 -33.637760 -2.405577 1.287538 5.093956 4.445129 -0.047581 1.378291 0.508891 -0.318106 1.380256 0.511612 -0.318833 -1.070230 -1.964243 -0.718922 -11.540572 -4.295345 3.462285 3.010998 1.075218 -17.909186 12.011027 16.396696 -61.512663 -5.356482 -0.000019 0.000001 1.133019 26.031010 -8.365093 -2.794771 -8.073851 9.717386 25.310069 14.836096 9.127499 -20.559764 -7.903339 10.382950 3.580996 0.179353 -23.050376 3.833891 1.423531 -40.728893 1.856251 0.301095 -18.426766 7.398164 2.303566 -35.096965 3.544869 1.190197 -37.110877 1.478208 0.189102 -14.580086 10.036287 4.918621 -41.450308 3.157523 0.920921 -32.513681 1.730712 0.260833 -17.140739 7.815358 2.626388 -43.744773 3.630247 1.256031 -38.160629 2.550355 0.582677 -25.735772 4.896974 0.471214 18.718625 25.104220 -16.530813 45.154022 23.458341 -0.000020 0.000003 12.824737 -14.833738 -9.622660 3.444217 -3.503407 -13.261871 -22.682070 18.160035 -0.769424 13.602563 -16.180592 -19.243220 -0.507926 -1.361166 26.425334 -2.279407 0.594329 29.224849 -1.284659 0.180256 15.974870 -5.061953 0.965565 36.508836 -2.419768 0.676074 31.217093 -1.699934 0.320527 21.355838 -7.334191 2.738168 37.851153 -3.099106 1.176794 41.579497 -1.301143 0.185020 16.185380 -5.437661 0.968952 34.008902 -2.191685 0.546454 27.999032 -1.611788 0.287104 20.198978 6.394213 -27.079035 5.466449 -5.441586 2.318479 -0.015428 -0.744815 8.566521 -8.833740 0.000029 -8.250640 -0.000008 -6.092514 17.441643 -0.033546 9.125975 19.897190 -1.775572 10.578444 -17.321756 -8.713201 0.000133 -21.094536 -0.133264 
-25.250130 93.661079 121.584763 -36.050165 -2.956571 2.073965 6.472411 4.641614 -0.690173 1.779786 0.242747 -0.411255 1.782582 0.243315 -0.413998 -1.132742 -1.841772 -0.772145 -11.727742 -2.977946 3.263034 3.625050 1.149469 -18.294699 12.153364 16.391307 -60.325802 -5.703053 0.000004 0.000012 0.888242 24.796471 -6.621268 -2.794768 -8.073853 9.717386 25.993492 15.110841 9.082184 -19.974082 -7.965704 9.834260 3.603230 0.171375 -23.649851 3.835767 1.425147 -40.753068 1.862396 0.303148 -18.490079 7.358387 2.297148 -35.619628 3.553704 1.196913 -37.218862 1.481185 0.189877 -14.610183 9.968038 4.881813 -41.666486 3.174279 0.931647 -32.707467 1.728912 0.260281 -17.122497 7.643090 2.515602 -44.001540 3.631683 1.257159 -38.178463 2.552350 0.583638 -25.757301 4.889827 0.468646 18.937321 24.481906 -14.948279 46.238970 21.042076 -0.000012 0.000030 12.570027 -15.633149 -8.954490 3.444217 -3.503410 -13.261872 -22.872207 18.231189 -0.744976 13.722893 -16.244476 -19.416013 -0.903052 -1.151457 26.215980 -2.277468 0.593210 29.197368 -1.286386 0.180757 15.996938 -5.337082 1.166485 36.137366 -2.416075 0.673821 31.164032 -1.688201 0.315968 21.201327 -7.755554 3.036822 37.401908 -3.078665 1.158806 41.245709 -1.289630 0.181672 16.038420 -5.830488 1.278673 34.077733 -2.187947 0.544486 27.946776 -1.600173 0.282834 20.047153 6.170976 -23.345546 4.918698 -3.256110 2.495213 1.013856 -1.366481 13.082262 -10.018421 -0.000032 -8.258127 -0.000004 -6.243487 19.770710 -1.968033 8.358995 20.029624 -3.981961 10.303289 -10.158526 -6.440636 0.019173 -28.538547 -1.022053 
-26.696585 93.807274 126.535957 -37.721540 -2.942244 2.791453 6.839991 4.316898 -1.224710 1.892089 0.065447 -0.501210 1.896254 0.064010 -0.499927 -1.091170 -1.835792 -0.833928 -11.339570 -1.794888 3.202918 4.214872 1.235398 -18.804651 12.041439 15.528362 -59.507374 -5.700327 0.000005 0.000023 0.445152 22.218865 -4.352554 -2.794768 -8.073851 9.717386 26.257358 15.218519 9.065534 -20.556124 -7.911098 10.350325 3.521348 0.129191 -23.503022 3.838236 1.427295 -40.784941 1.871102 0.306077 -18.579334 7.262802 2.221749 -35.456526 3.558198 1.200321 -37.273722 1.477575 0.188938 -14.573984 9.890536 4.800319 -41.570823 3.170401 0.929161 -32.662426 1.732806 0.261470 -17.162375 7.437017 2.375283 -44.184524 3.629293 1.255295 -38.148983 2.556815 0.585796 -25.805846 5.005394 0.461786 18.757364 23.241044 -13.963017 48.293969 17.512451 0.000007 -0.000019 11.058962 -14.818410 -7.488745 3.444218 -3.503406 -13.261870 -22.966697 18.257282 -0.731412 13.731508 -16.227315 -19.432692 -1.105153 -1.041594 26.051976 -2.269816 0.588978 29.090100 -1.286988 0.180917 16.004801 -5.486366 1.273916 35.989824 -2.407897 0.668901 31.047103 -1.679293 0.312520 21.084159 -8.109660 3.296016 37.213111 -3.057078 1.140007 40.894846 -1.291607 0.182241 16.063843 -6.033005 1.439395 34.123280 -2.173958 0.537094 27.752935 -1.592700 0.280110 19.949637 6.938472 -24.132457 4.467300 -2.504424 10.033557 -0.324374 -0.967186 11.994114 -7.745707 -0.000026 -6.541728 -0.000002 -5.819398 18.232224 -2.994545 9.271815 25.270045 -4.354040 7.547516 0.675348 -4.811933 0.392707 -45.124393 -0.945382 
-28.137974 94.186378 131.174698 -38.080818 -3.068064 3.657421 6.245306 4.342540 -1.962082 1.749894 0.043448 -0.655648 1.756850 0.038077 -0.654111 -1.039068 -1.890177 -0.839596 -11.105211 -1.617133 3.507341 3.947584 1.221103 -18.908960 10.948050 13.838312 -59.529108 -5.583146 -0.000002 -0.000045 0.394408 19.772380 -3.016056 -2.794766 -8.073847 9.717385 26.348478 15.255905 9.059865 -20.971341 -7.865122 10.721040 3.451619 0.098707 -23.412463 3.851516 1.438747 -40.955734 1.867905 0.305003 -18.546672 7.149494 2.142545 -35.516236 3.564461 1.205099 -37.350350 1.480457 0.189685 -14.603013 9.772472 4.674904 -41.404607 3.170074 0.928968 -32.658952 1.733221 0.261601 -17.166690 7.249666 2.240386 -44.194684 3.626881 1.253411 -38.119108 2.558336 0.586526 -25.822058 4.917626 0.470079 18.672055 21.665264 -13.388917 50.500213 13.998374 0.000003 0.000005 8.029492 -12.655307 -5.481720 3.444215 -3.503409 -13.261870 -23.080056 18.288767 -0.715144 13.590314 -16.091702 -19.254891 -1.190586 -1.010431 26.203088 -2.279895 0.594592 29.231803 -1.286882 0.180891 16.003239 -5.517184 1.298101 36.126179 -2.404998 0.667159 31.005733 -1.673135 0.310150 21.003393 -8.285743 3.442071 37.329374 -3.051102 1.134823 40.797724 -1.289374 0.181582 16.035039 -6.140680 1.529328 34.332072 -2.174281 0.537249 27.757472 -1.591764 0.279776 19.937348 7.519852 -24.051266 3.340130 -2.854650 16.059870 -1.725811 -0.701660 9.715229 -5.677985 -0.000006 -5.115277 -0.000003 -5.091805 13.498805 -4.437184 10.572665 33.858467 -1.788968 3.490368 15.649526 1.858518 6.229795 -61.849555 -8.962286 
-29.624691 94.867805 135.380341 -37.768801 -3.721655 4.228893 5.104984 4.968835 -2.534998 1.462119 0.138045 -0.755538 1.471556 0.130672 -0.756252 -0.976981 -1.887454 -0.825560 -10.981075 -1.896488 3.839888 2.942161 1.132761 -18.865425 8.689408 11.932476 -59.879299 -5.613945 0.000006 0.000006 0.709892 16.889919 -2.636755 -2.794766 -8.073844 9.717387 26.509955 15.322443 9.050046 -20.497802 -7.919545 10.288808 3.470088 0.099861 -23.721551 3.905076 1.485828 -41.650091 1.869120 0.305408 -18.559024 7.107352 2.110809 -35.474623 3.569839 1.209207 -37.416282 1.474284 0.188079 -14.540569 9.795343 4.686454 -41.321770 3.176079 0.932807 -32.728474 1.735354 0.262270 -17.188255 7.240433 2.228327 -44.060396 3.629653 1.255578 -38.153546 2.562730 0.588673 -25.870057 4.726274 0.483701 18.805715 20.124474 -12.531410 52.360220 10.854628 0.000006 -0.000009 5.245322 -9.960481 -3.655878 3.444217 -3.503404 -13.261872 -23.101073 18.294617 -0.712131 13.389978 -15.932180 -18.993124 -1.338477 -0.959847 26.533594 -2.279140 0.594163 29.220960 -1.289612 0.181691 16.038143 -5.579621 1.345379 36.238067 -2.405550 0.667507 31.013365 -1.663532 0.306470 20.877221 -8.439635 3.572777 37.452635 -3.051004 1.134733 40.796201 -1.286132 0.180686 15.993752 -6.276113 1.642217 34.517068 -2.183308 0.542005 27.882596 -1.588455 0.278571 19.894316 7.115446 -22.138684 1.843559 -2.646586 19.508248 -1.381254 -0.416100 6.619109 -3.835119 0.000033 -4.873416 -0.000001 -4.261840 7.807202 -5.056398 7.890050 45.324893 -0.630039 0.834556 23.007311 3.001735 1.270285 -46.002246 -1.498309 
-31.174156 95.781418 139.185349 -37.328650 -4.286586 4.190965 3.635790 5.449250 -2.627102 1.061728 0.250087 -0.727179 1.071493 0.244298 -0.729539 -0.872538 -1.819847 -0.803960 -10.573620 -1.950611 4.094350 1.930610 1.042157 -18.780596 5.322424 9.751679 -60.089600 -5.852722 0.000006 -0.000023 0.618117 14.923726 -2.600623 -2.794764 -8.073846 9.717389 26.558516 15.342476 9.047146 -19.626282 -8.000521 9.497807 3.552461 0.124666 -24.178106 3.893925 1.475916 -41.504871 1.875277 0.307473 -18.622470 7.145777 2.144104 -35.634285 3.589541 1.224332 -37.658313 1.469962 0.186964 -14.497075 9.814361 4.704734 -41.332552 3.202071 0.949592 -33.029750 1.736780 0.262721 -17.202914 7.250398 2.235642 -44.073431 3.628068 1.254329 -38.134083 2.564188 0.589376 -25.885526 4.555389 0.494969 19.038258 18.651771 -11.460018 54.002532 8.149067 -0.000008 -0.000006 3.428474 -6.695517 -2.551030 3.444218 -3.503407 -13.261872 -23.160543 18.311215 -0.703582 13.219424 -15.783894 -18.771347 -1.597017 -0.859368 26.985818 -2.279119 0.594159 29.220646 -1.316893 0.189605 16.386746 -5.687283 1.428633 36.483609 -2.409151 0.669641 31.065070 -1.651487 0.301905 20.719041 -8.652807 3.754049 37.605570 -3.055362 1.138514 40.866818 -1.280217 0.178988 15.918161 -6.488712 1.821412 34.782499 -2.203389 0.552721 28.161722 -1.580816 0.275825 19.794622 7.301047 -19.374513 1.210528 -2.964283 20.815285 -1.424634 -0.230762 3.112031 -2.395348 -0.000020 -4.883404 0.000002 -3.641110 1.570187 -5.023219 -3.134225 55.035062 -6.770894 0.599941 22.783885 2.067252 -0.023361 -0.773447 -0.956302 
-32.704723 96.686081 142.751205 -37.016716 -4.335441 3.718549 2.096785 5.464692 -2.262335 0.616658 0.317075 -0.624264 0.625383 0.314105 -0.626559 -0.737737 -1.722619 -0.779383 -9.768533 -1.783842 4.154463 1.204001 0.971914 -18.594063 1.585304 7.101000 -60.045224 -6.289716 -0.000004 0.000018 0.159026 14.394176 -2.189164 -2.794763 -8.073855 9.717383 26.495451 15.316409 9.050926 -19.146122 -8.034721 9.063664 3.549567 0.106548 -24.547415 3.853455 1.440460 -40.980957 1.868835 0.305315 -18.556166 7.135420 2.142149 -35.791175 3.600852 1.233083 -37.797451 1.471937 0.187475 -14.517062 9.790046 4.701171 -41.499458 3.213880 0.957301 -33.167460 1.732398 0.261348 -17.158033 7.172686 2.190041 -44.347062 3.633690 1.258732 -38.203499 2.568537 0.591490 -25.932678 4.325553 0.512256 19.244464 16.802043 -10.197952 55.721882 6.297347 0.000003 0.000026 1.792656 -3.155242 -1.978291 3.444217 -3.503408 -13.261868 -23.116413 18.298912 -0.709926 13.313820 -15.869094 -18.893620 -1.658345 -0.856768 27.455291 -2.279116 0.594153 29.220649 -1.326162 0.192347 16.505594 -5.659880 1.411803 36.702025 -2.410165 0.670255 31.079649 -1.641056 0.297974 20.582019 -8.754143 3.855736 37.824730 -3.061399 1.143752 40.964787 -1.272890 0.176897 15.824676 -6.539519 1.873304 35.100653 -2.208953 0.555706 28.239130 -1.577265 0.274530 19.748367 7.907486 -16.838575 1.349932 -3.753052 20.934776 -1.963686 -0.173060 0.908850 -1.507972 0.000026 -4.804662 -0.000002 -3.811440 -5.305583 -4.298207 -9.551376 62.037625 -10.928543 -0.556849 18.067930 1.821380 -0.008506 -3.748723 0.744989 
-34.221489 97.481522 146.161545 -37.181825 -4.448555 3.107330 0.861683 5.749999 -1.691280 0.257524 0.391004 -0.476951 0.264935 0.390451 -0.478626 -0.602148 -1.648655 -0.766433 -8.858428 -1.583053 4.191943 0.665578 0.923335 -18.502258 -1.982608 4.569074 -59.591795 -7.260763 0.000001 0.000009 -0.499759 14.362011 -1.463102 -2.794764 -8.073851 9.717384 26.689956 15.396935 9.039335 -19.989944 -7.971094 9.822822 3.313087 -0.017628 -24.101861 3.902061 1.483119 -41.610660 1.868091 0.305063 -18.548635 7.006370 2.049695 -35.830855 3.602074 1.234042 -37.812989 1.471976 0.187481 -14.517328 9.625972 4.565273 -41.619812 3.215778 0.958533 -33.189187 1.729852 0.260579 -17.132438 7.029046 2.097135 -44.675492 3.634620 1.259477 -38.214895 2.568468 0.591440 -25.931938 3.926230 0.546441 19.234948 14.746530 -8.145340 57.427076 5.614979 0.000003 -0.000021 -0.063007 -0.980983 -1.424778 3.444219 -3.503407 -13.261868 -22.960224 18.255503 -0.732349 13.667518 -16.180614 -19.348898 -1.550708 -0.933436 27.788884 -2.279102 0.594150 29.220625 -1.338679 0.196065 16.665785 -5.439569 1.248301 36.806831 -2.414050 0.672615 31.135407 -1.633978 0.295327 20.489367 -8.675790 3.804917 37.938040 -3.069501 1.150790 41.096494 -1.272510 0.176799 15.819787 -6.432080 1.790048 35.259253 -2.211050 0.556820 28.268510 -1.576030 0.274104 19.732186 8.626405 -14.156555 1.905291 -4.118990 20.683751 -2.314828 -0.125281 -0.655092 -1.366164 -0.000033 -4.655568 -0.000001 -4.582917 -11.563589 -3.265550 -8.752338 65.575027 -9.082637 0.156523 15.685333 1.807969 -0.019000 -2.391863 1.129043 
-35.797165 98.059341 149.402176 -37.732226 -4.646885 2.530247 -0.152356 6.218530 -1.194083 -0.036208 0.463937 -0.354962 -0.029582 0.464755 -0.355733 -0.474248 -1.544899 -0.715403 -7.821647 -1.506793 4.371903 0.141747 0.865377 -18.119326 -5.265168 2.747117 -58.957134 -8.934840 0.000000 -0.000014 -1.652366 13.696332 -0.069818 -2.794766 -8.073846 9.717386 27.046467 15.545627 9.018751 -21.098716 -7.857371 10.811736 3.110048 -0.130700 -23.902401 3.853285 1.440290 -40.978662 1.865300 0.304127 -18.519964 6.788124 1.895056 -35.978110 3.606390 1.237387 -37.865841 1.471334 0.187322 -14.510788 9.447856 4.420581 -41.790512 3.227180 0.966013 -33.322396 1.721802 0.258102 -17.049793 6.746793 1.899263 -44.979955 3.637245 1.261544 -38.247567 2.569179 0.591794 -25.939749 3.594514 0.574708 19.258623 12.685961 -5.325178 58.967584 5.711873 -0.000010 0.000025 -1.246673 -0.161726 -0.548904 3.444215 -3.503409 -13.261873 -22.811860 18.214559 -0.753646 13.872656 -16.371924 -19.607031 -1.435534 -1.003509 27.937214 -2.279130 0.594164 29.220659 -1.337544 0.195734 16.651245 -5.315157 1.155670 36.898509 -2.415704 0.673603 31.158886 -1.636218 0.296162 20.518776 -8.593337 3.754055 38.089673 -3.071881 1.152869 41.135183 -1.270998 0.176366 15.800593 -6.349857 1.728838 35.322583 -2.219039 0.561136 28.379760 -1.577246 0.274537 19.747969 9.463300 -11.479619 2.691957 -4.237309 20.528851 -2.614290 -0.051489 -2.202634 -1.601631 0.000009 -4.676992 0.000001 -5.267649 -17.218864 -1.696523 -2.932713 66.375676 -2.899454 0.148975 12.187316 1.002791 0.092154 -7.438752 -0.773777 
-37.457775 98.374779 152.599564 -38.285837 -4.637018 2.009329 -1.300704 6.424321 -0.746809 -0.364935 0.529009 -0.281430 -0.358060 0.530747 -0.280841 -0.340606 -1.415907 -0.615054 -6.557736 -1.609211 4.540916 -0.397716 0.799833 -17.450633 -7.866828 1.175664 -58.064374 -10.997394 0.000008 0.000005 -3.273258 11.117081 1.635766 -2.794766 -8.073847 9.717386 27.179179 15.601366 9.011358 -22.190433 -7.707739 11.788032 3.000019 -0.176363 -23.511733 3.912316 1.492261 -41.744562 1.865601 0.304219 -18.522915 6.663118 1.802025 -35.895468 3.606061 1.237148 -37.862242 1.471406 0.187331 -14.511452 9.304640 4.280026 -41.685556 3.244361 0.977359 -33.522889 1.721944 0.258148 -17.051352 6.482549 1.708003 -45.141533 3.637285 1.261576 -38.248206 2.573729 0.594006 -25.988837 3.460071 0.585984 19.397377 10.712358 -2.330379 60.211068 6.033601 0.000005 0.000016 -1.477719 0.051802 0.543480 3.444213 -3.503409 -13.261869 -22.802385 18.212073 -0.754613 13.811421 -16.327813 -19.527839 -1.405777 -1.033263 28.144520 -2.279111 0.594163 29.220632 -1.337704 0.195779 16.653260 -5.293394 1.140779 37.166314 -2.417595 0.674755 31.186039 -1.637580 0.296673 20.536555 -8.528208 3.719718 38.275711 -3.074959 1.155551 41.185132 -1.271003 0.176360 15.800594 -6.302225 1.696978 35.386380 -2.226518 0.565165 28.483917 -1.575650 0.273969 19.727176 10.208636 -9.367796 3.482161 -4.631254 21.031927 -3.032214 0.063985 -4.077190 -1.884446 -0.000027 -4.869343 0.000004 -5.772316 -22.412619 0.089729 0.603421 64.367423 1.070156 0.028896 7.849471 -0.227392 0.646382 -12.058795 -3.510793 
-39.183224 98.447533 155.800812 -39.026796 -4.307432 1.530873 -2.227312 6.321866 -0.258622 -0.628603 0.584382 -0.179724 -0.622407 0.586590 -0.177458 -0.196579 -1.352821 -0.603872 -5.371505 -1.730208 4.528502 -0.949869 0.755340 -17.312416 -9.495939 -0.724531 -56.375357 -13.104462 -0.000006 -0.000009 -5.389438 6.993183 1.635971 -2.794768 -8.073848 9.717385 27.062999 15.552575 9.017828 -23.606606 -7.459147 13.053233 2.906183 -0.215730 -23.209811 3.844740 1.432896 -40.868635 1.861508 0.302866 -18.480825 6.505420 1.686699 -35.856581 3.612106 1.241841 -37.936715 1.476186 0.188581 -14.559767 9.161415 4.151385 -41.700538 3.259707 0.987547 -33.702243 1.725076 0.259106 -17.083193 6.319972 1.588399 -45.170367 3.637316 1.261589 -38.248192 2.574573 0.594424 -25.998130 3.124805 0.614876 19.178036 8.872448 0.530899 61.258403 6.440754 -0.000006 -0.000014 -1.119594 -0.183848 1.368474 3.444218 -3.503404 -13.261874 -22.802416 18.212093 -0.754575 13.680787 -16.230010 -19.357446 -1.456833 -1.013070 28.246521 -2.279114 0.594161 29.220635 -1.336549 0.195433 16.638483 -5.361719 1.193194 37.248109 -2.417786 0.674867 31.188812 -1.640191 0.297636 20.570810 -8.547262 3.739852 38.326066 -3.075231 1.155802 41.189538 -1.270987 0.176358 15.800593 -6.299923 1.693587 35.332026 -2.226118 0.564953 28.478481 -1.579759 0.275439 19.780767 10.830463 -7.721767 4.161373 -4.764838 22.010575 -3.402794 0.191970 -6.566221 -1.680872 -0.000013 -5.107392 0.000001 -6.118753 -26.741599 1.637671 0.270329 59.157313 1.433805 0.007867 5.549946 -0.802681 0.669503 -10.953631 -4.427554 
