HIERARCHY
ROOT mixamorig:Hips
{
	OFFSET 0.000000 99.791901 0.000000
	CHANNELS 6 Xposition Yposition Zposition Yrotation Xrotation Zrotation
	JOINT mixamorig:Spine
	{
		OFFSET 0.000038 9.923500 -1.227300
		CHANNELS 3 Yrotation Xrotation Zrotation
		JOINT mixamorig:Spine1
		{
			OFFSET -0.001154 11.645462 -1.422353
			CHANNELS 3 Yrotation Xrotation Zrotation
			JOINT mixamorig:Spine2
			{
				OFFSET -0.001065 13.360161 -1.626458
				CHANNELS 3 Yrotation Xrotation Zrotation
				JOINT mixamorig:Neck
				{
					OFFSET -0.001308 15.032516 0.792905
					CHANNELS 3 Yrotation Xrotation Zrotation
					JOINT mixamorig:Head
					{
						OFFSET -0.000902 10.321808 3.142400
						CHANNELS 3 Yrotation Xrotation Zrotation
						End Site
						{
							OFFSET -0.001707 19.630493 -0.000000
						}
					}
				}
				JOINT mixamorig:LeftShoulder
				{
					OFFSET 6.105007 9.110962 0.705601
					CHANNELS 3 Yrotation Xrotation Zrotation
					JOINT mixamorig:LeftArm
					{
						OFFSET 12.655048 -0.266434 -2.600898
						CHANNELS 3 Yrotation Xrotation Zrotation
						JOINT mixamorig:LeftForeArm
						{
							OFFSET 27.404696 0.000000 0.000000
							CHANNELS 3 Yrotation Xrotation Zrotation
							JOINT mixamorig:LeftHand
							{
								OFFSET 27.614513 0.000000 0.000000
								CHANNELS 3 Yrotation Xrotation Zrotation
								JOINT mixamorig:LeftHandThumb1
								{
									OFFSET 3.788795 -2.167099 3.003002
									CHANNELS 3 Yrotation Xrotation Zrotation
									JOINT mixamorig:LeftHandThumb2
									{
										OFFSET 3.675461 -2.122025 2.122029
										CHANNELS 3 Yrotation Xrotation Zrotation
										JOINT mixamorig:LeftHandThumb3
										{
											OFFSET 3.394363 -1.959732 1.959735
											CHANNELS 3 Yrotation Xrotation Zrotation
											End Site
											{
												OFFSET 2.679413 -1.546967 1.546960
											}
										}
									}
								}
								JOINT mixamorig:LeftHandIndex1
								{
									OFFSET 12.266594 -0.231796 2.822001
									CHANNELS 3 Yrotation Xrotation Zrotation
									JOINT mixamorig:LeftHandIndex2
									{
										OFFSET 3.891998 0.000000 0.000000
										CHANNELS 3 Yrotation Xrotation Zrotation
										JOINT mixamorig:LeftHandIndex3
										{
											OFFSET 3.415207 0.000000 0.000000
											CHANNELS 3 Yrotation Xrotation Zrotation
											End Site
											{
												OFFSET 3.077995 0.000000 0.000000
											}
										}
									}
								}
								JOINT mixamorig:LeftHandMiddle1
								{
									OFFSET 12.775497 0.000000 0.000000
									CHANNELS 3 Yrotation Xrotation Zrotation
									JOINT mixamorig:LeftHandMiddle2
									{
										OFFSET 3.613998 0.000000 0.000000
										CHANNELS 3 Yrotation Xrotation Zrotation
										JOINT mixamorig:LeftHandMiddle3
										{
											OFFSET 3.459793 0.000000 0.000000
											CHANNELS 3 Yrotation Xrotation Zrotation
											End Site
											{
												OFFSET 3.680214 0.000000 0.000000
											}
										}
									}
								}
								JOINT mixamorig:LeftHandRing1
								{
									OFFSET 12.146996 0.009995 -2.216599
									CHANNELS 3 Yrotation Xrotation Zrotation
									JOINT mixamorig:LeftHandRing2
									{
										OFFSET 3.601196 0.000000 0.000000
										CHANNELS 3 Yrotation Xrotation Zrotation
										JOINT mixamorig:LeftHandRing3
										{
											OFFSET 3.307304 0.000000 0.000000
											CHANNELS 3 Yrotation Xrotation Zrotation
											End Site
											{
												OFFSET 3.660095 0.000000 0.000000
											}
										}
									}
								}
								JOINT mixamorig:LeftHandPinky1
								{
									OFFSET 10.908195 -0.226105 -4.725800
									CHANNELS 3 Yrotation Xrotation Zrotation
									JOINT mixamorig:LeftHandPinky2
									{
										OFFSET 4.136703 0.000000 0.000000
										CHANNELS 3 Yrotation Xrotation Zrotation
										JOINT mixamorig:LeftHandPinky3
										{
											OFFSET 2.594803 0.000000 0.000000
											CHANNELS 3 Yrotation Xrotation Zrotation
											End Site
											{
												OFFSET 2.923904 0.000000 0.000000
											}
										}
									}
								}
							}
						}
					}
				}
				JOINT mixamorig:RightShoulder
				{
					OFFSET -6.106493 9.110001 0.705582
					CHANNELS 3 Yrotation Xrotation Zrotation
					JOINT mixamorig:RightArm
					{
						OFFSET -12.655064 -0.265533 -2.600914
						CHANNELS 3 Yrotation Xrotation Zrotation
						JOINT mixamorig:RightForeArm
						{
							OFFSET -27.404697 0.000000 -0.000000
							CHANNELS 3 Yrotation Xrotation Zrotation
							JOINT mixamorig:RightHand
							{
								OFFSET -27.614510 0.000000 -0.000000
								CHANNELS 3 Yrotation Xrotation Zrotation
								JOINT mixamorig:RightHandThumb1
								{
									OFFSET -3.788803 -2.167099 3.003001
									CHANNELS 3 Yrotation Xrotation Zrotation
									JOINT mixamorig:RightHandThumb2
									{
										OFFSET -3.675461 -2.122025 2.122028
										CHANNELS 3 Yrotation Xrotation Zrotation
										JOINT mixamorig:RightHandThumb3
										{
											OFFSET -3.394363 -1.959732 1.959735
											CHANNELS 3 Yrotation Xrotation Zrotation
											End Site
											{
												OFFSET -2.679413 -1.546967 1.546959
											}
										}
									}
								}
								JOINT mixamorig:RightHandIndex1
								{
									OFFSET -12.266602 -0.231796 2.822000
									CHANNELS 3 Yrotation Xrotation Zrotation
									JOINT mixamorig:RightHandIndex2
									{
										OFFSET -3.891998 0.000000 0.000000
										CHANNELS 3 Yrotation Xrotation Zrotation
										JOINT mixamorig:RightHandIndex3
										{
											OFFSET -3.415207 0.000000 0.000000
											CHANNELS 3 Yrotation Xrotation Zrotation
											End Site
											{
												OFFSET -3.077995 0.000000 0.000000
											}
										}
									}
								}
								JOINT mixamorig:RightHandMiddle1
								{
									OFFSET -12.775505 0.000000 -0.000000
									CHANNELS 3 Yrotation Xrotation Zrotation
									JOINT mixamorig:RightHandMiddle2
									{
										OFFSET -3.613998 0.000000 0.000000
										CHANNELS 3 Yrotation Xrotation Zrotation
										JOINT mixamorig:RightHandMiddle3
										{
											OFFSET -3.459793 0.000000 0.000000
											CHANNELS 3 Yrotation Xrotation Zrotation
											End Site
											{
												OFFSET -3.680214 0.000000 0.000000
											}
										}
									}
								}
								JOINT mixamorig:RightHandRing1
								{
									OFFSET -12.147003 0.009995 -2.216600
									CHANNELS 3 Yrotation Xrotation Zrotation
									JOINT mixamorig:RightHandRing2
									{
										OFFSET -3.601196 0.000000 0.000000
										CHANNELS 3 Yrotation Xrotation Zrotation
										JOINT mixamorig:RightHandRing3
										{
											OFFSET -3.307304 0.000000 0.000000
											CHANNELS 3 Yrotation Xrotation Zrotation
											End Site
											{
												OFFSET -3.660103 0.000000 0.000000
											}
										}
									}
								}
								JOINT mixamorig:RightHandPinky1
								{
									OFFSET -10.908203 -0.226105 -4.725801
									CHANNELS 3 Yrotation Xrotation Zrotation
									JOINT mixamorig:RightHandPinky2
									{
										OFFSET -4.136703 0.000000 0.000000
										CHANNELS 3 Yrotation Xrotation Zrotation
										JOINT mixamorig:RightHandPinky3
										{
											OFFSET -2.594803 0.000000 0.000000
											CHANNELS 3 Yrotation Xrotation Zrotation
											End Site
											{
												OFFSET -2.923904 0.000000 0.000000
											}
										}
									}
								}
							}
						}
					}
				}
			}
		}
	}
	JOINT mixamorig:LeftUpLeg
	{
		OFFSET 9.124481 -6.656403 -0.055368
		CHANNELS 3 Yrotation Xrotation Zrotation
		JOINT mixamorig:LeftLeg
		{
			OFFSET 0.244688 -40.595383 -0.515629
			CHANNELS 3 Yrotation Xrotation Zrotation
			JOINT mixamorig:LeftFoot
			{
				OFFSET -0.244684 -42.047905 -2.059130
				CHANNELS 3 Yrotation Xrotation Zrotation
				JOINT mixamorig:LeftToeBase
				{
					OFFSET 0.373535 -7.208565 13.966596
					CHANNELS 3 Yrotation Xrotation Zrotation
					End Site
					{
						OFFSET -0.142057 -0.175231 9.997458
					}
				}
			}
		}
	}
	JOINT mixamorig:RightUpLeg
	{
		OFFSET -9.124419 -6.656395 -0.055432
		CHANNELS 3 Yrotation Xrotation Zrotation
		JOINT mixamorig:RightLeg
		{
			OFFSET -0.244683 -40.595413 -0.514284
			CHANNELS 3 Yrotation Xrotation Zrotation
			JOINT mixamorig:RightFoot
			{
				OFFSET 0.244687 -42.047836 -2.060526
				CHANNELS 3 Yrotation Xrotation Zrotation
				JOINT mixamorig:RightToeBase
				{
					OFFSET -0.373540 -7.208565 13.966594
					CHANNELS 3 Yrotation Xrotation Zrotation
					End Site
					{
						OFFSET 0.141792 -0.175015 9.997463
					}
				}
			}
		}
	}
}
MOTION
Frames: 37
Frame Time: 0.033333
0.017203 98.473373 -0.217967 2.863530 -4.307119 -1.639205 2.227722 6.317696 0.366665 0.628604 0.584380 0.179724 0.622381 0.586589 0.177459 0.196586 -1.352821 0.599914 5.371515 -1.730209 -4.528504 -3.124795 0.614886 -19.178002 -8.872436 0.530911 -61.258396 -6.440767 -0.000005 -0.000010 0.996833 -1.366688 -0.620298 -1.479097 -2.831719 13.718982 20.758197 18.075047 -0.235146 -19.991107 -17.620724 19.308740 2.181321 -0.853778 -28.964729 2.862084 0.744574 -29.160280 1.678217 0.244916 -16.605752 6.218244 1.496496 -37.854776 3.036322 0.845743 -31.123833 2.059534 0.372998 -20.529809 9.398963 4.089054 -38.829663 3.862609 1.448420 -41.099038 1.595920 0.221021 -15.769780 7.130830 1.967279 -35.913206 2.795511 0.707990 -28.419843 1.983643 0.345184 -19.741443 0.949894 0.755341 17.312378 9.495925 -0.724509 56.375347 13.104456 0.000013 0.000020 5.218473 8.170258 -0.912067 4.883740 -8.847893 -9.465502 -29.146019 15.577761 -9.960571 17.673463 -5.470665 -14.295261 -2.295001 -0.327076 22.515469 -3.060996 1.143374 40.958151 -1.482507 0.241676 18.517471 -5.684235 1.404825 35.258140 -2.875958 0.990949 38.018602 -1.175685 0.150484 14.588299 -8.264607 3.766269 41.194838 -2.595554 0.788019 33.773493 -1.373862 0.206759 17.116924 -5.349177 1.184228 44.567944 -2.896030 1.006727 38.331800 -2.050244 0.474324 26.051197 6.140932 -27.927499 -1.586171 -0.311467 61.474448 -1.465963 -0.015878 4.409115 0.850223 -0.174753 -5.090677 3.568567 -11.094604 -3.794474 -3.889374 4.215331 15.217243 2.645293 -0.211719 -7.181164 1.906374 0.000000 -0.363928 -0.000001 
-0.162084 98.547020 3.884093 2.974014 -3.707882 -1.115573 3.671538 6.169489 -0.333759 1.040638 0.595060 0.020955 1.035399 0.597758 0.016087 0.094639 -1.382560 0.602272 4.886665 -2.079316 -4.394334 -2.291862 0.680972 -18.843394 -7.793861 3.415797 -62.555968 -7.079233 -0.000006 0.000009 1.477957 -0.512957 -1.410295 -1.479094 -2.831720 13.718985 20.849499 18.102225 -0.247407 -20.179097 -17.708046 19.557851 2.150890 -0.902240 -29.423683 2.862090 0.744581 -29.160301 1.659065 0.239244 -16.410938 6.173035 1.463084 -38.180843 3.034394 0.844576 -31.101956 2.073698 0.378316 -20.677361 9.249316 3.998477 -39.182367 3.862229 1.448081 -41.094086 1.604347 0.223414 -15.855340 7.013265 1.885766 -36.054581 2.794458 0.707421 -28.408205 1.991856 0.348136 -19.826683 1.676811 0.704819 17.200074 12.071637 -2.103073 54.800763 15.458362 0.000008 0.000023 6.552296 4.590743 -0.659258 4.883743 -8.847890 -9.465503 -29.023666 15.529332 -9.968768 18.162842 -5.418474 -14.763339 -2.305463 -0.312243 22.218416 -3.090277 1.169015 41.435162 -1.480162 0.240889 18.487263 -5.655727 1.378896 34.936411 -2.875324 0.990450 38.008784 -1.173819 0.150000 14.565003 -8.225894 3.693109 40.755408 -2.594022 0.786998 33.750601 -1.375677 0.207314 17.140380 -5.274781 1.114622 44.179518 -2.890618 1.002451 38.247161 -2.047519 0.472995 26.014049 6.252409 -30.905045 -2.587972 3.058022 52.903234 0.894656 -0.038431 2.835044 1.001217 0.000002 -1.592486 -0.000005 -11.428750 -1.629901 -4.377497 4.220070 15.138010 2.443826 -0.119837 -9.708867 1.018656 -0.000001 -0.550291 -0.000000 
-0.234201 98.287796 7.956290 3.506096 -2.971553 -0.520001 4.689973 5.971825 -1.164034 1.340932 0.581384 -0.148502 1.337084 0.583062 -0.155154 0.000630 -1.415943 0.598227 4.299623 -2.465037 -4.140591 -1.689863 0.727583 -18.723917 -6.282410 6.521122 -63.312479 -7.809503 -0.000001 0.000009 1.375678 -0.643309 -1.543631 -1.479096 -2.831719 13.718983 20.875633 18.110023 -0.250859 -19.783843 -17.467353 19.040590 2.139866 -0.878969 -29.001243 2.862091 0.744586 -29.160284 1.633001 0.231630 -16.146120 6.350950 1.602726 -38.139930 3.031614 0.842891 -31.070237 2.085862 0.382941 -20.804174 9.164712 3.914032 -39.024699 3.850178 1.437618 -40.938634 1.610312 0.225103 -15.915801 6.943099 1.825812 -35.745460 2.770418 0.694488 -28.142167 1.998245 0.350439 -19.892747 2.152812 0.674862 17.332836 14.632792 -3.018677 52.605379 18.274538 0.000003 0.000010 7.247433 2.089316 -1.463282 4.883744 -8.847892 -9.465506 -28.936185 15.494807 -9.974718 18.678284 -5.355397 -15.252845 -2.293506 -0.310890 22.043423 -3.087377 1.166450 41.387828 -1.484874 0.242466 18.548133 -5.646631 1.364698 34.504084 -2.878859 0.993228 38.063835 -1.174100 0.150070 14.568355 -8.187435 3.616353 40.257647 -2.589318 0.783854 33.681486 -1.377441 0.207856 17.163043 -5.226070 1.072135 43.700626 -2.885925 0.998769 38.173828 -2.047328 0.472899 26.011479 5.617474 -32.173746 -3.368839 6.932845 40.958250 3.215378 -0.053906 2.724405 1.234736 0.000001 -0.627198 -0.000002 -11.861826 0.458415 -4.972978 3.733670 15.100735 2.070388 -0.024450 -12.795122 0.357472 -0.000000 -0.520479 -0.000001 
-0.186279 97.748535 12.092554 4.373020 -2.471763 -0.069918 5.449849 5.910466 -1.890598 1.571488 0.633929 -0.260758 1.567630 0.634708 -0.269831 -0.104608 -1.452544 0.569502 3.338182 -3.198972 -3.861665 -1.264196 0.764254 -18.869642 -4.526929 9.200616 -63.680463 -8.164971 -0.000009 -0.000007 0.948712 -0.924863 -0.377592 -1.479096 -2.831719 13.718986 20.930251 18.126364 -0.258160 -19.816368 -17.473121 19.085551 2.261962 -0.786073 -28.603714 2.862087 0.744580 -29.160287 1.634375 0.232021 -16.160134 6.465286 1.688260 -37.814191 3.028198 0.840841 -31.031404 2.086813 0.383297 -20.814139 9.209247 3.919119 -38.674771 3.839602 1.428463 -40.802563 1.614883 0.226408 -15.962176 7.009042 1.868325 -35.435906 2.755085 0.686327 -27.972756 2.000302 0.351182 -19.914322 2.194518 0.674194 17.525528 16.872241 -4.435521 50.051274 20.533159 -0.000014 0.000003 7.431686 0.827149 -2.887449 4.883745 -8.847894 -9.465501 -28.892045 15.477407 -9.977719 19.002904 -5.307540 -15.558643 -2.279783 -0.301983 21.808808 -3.088167 1.167157 41.400836 -1.489396 0.243993 18.606492 -5.623779 1.340809 34.054002 -2.881014 0.994912 38.097518 -1.176729 0.150748 14.601671 -8.156933 3.557016 39.870195 -2.587878 0.782915 33.660115 -1.377608 0.207911 17.165010 -5.115689 0.972462 43.248488 -2.881211 0.995060 38.100581 -2.047349 0.472926 26.011590 4.724855 -30.698166 -3.773907 9.317657 24.796394 3.192310 -0.041107 4.868009 1.361181 0.000018 -0.412922 -0.000003 -12.715641 2.887147 -5.829375 3.240322 15.009016 2.071919 0.011954 -15.732258 0.209926 -0.000003 -0.792254 0.000000 
-0.037799 95.693764 16.896570 5.373100 -2.105456 -0.235678 6.015009 4.866693 -2.172000 1.733821 1.101422 -0.182681 1.732021 1.100791 -0.181077 -0.189523 -1.508509 0.540983 2.509800 -3.777689 -3.753946 -0.794608 0.803897 -18.940868 -1.995824 11.067131 -63.903503 -7.751006 0.000013 0.000004 0.887698 -0.021757 1.495536 -1.479097 -2.831720 13.718984 21.071571 18.168814 -0.277047 -20.095216 -17.603032 19.456451 2.532095 -0.608208 -28.280835 2.862087 0.744570 -29.160277 1.661063 0.239838 -16.431210 6.628749 1.807513 -37.392301 3.023321 0.837915 -30.976004 2.072423 0.377831 -20.664172 9.580101 4.186387 -38.319994 3.823790 1.414868 -40.599471 1.608784 0.224670 -15.900327 7.236270 2.056177 -35.386612 2.751521 0.684427 -27.933397 1.991664 0.348059 -19.824629 2.011886 0.688560 17.661116 18.514350 -6.251343 47.649524 21.872069 -0.000000 0.000012 7.692998 0.626286 -4.070158 4.883748 -8.847890 -9.465510 -28.802020 15.442011 -9.983904 19.185592 -5.276805 -15.731266 -2.337306 -0.258152 21.588589 -3.089274 1.168142 41.418807 -1.489913 0.244158 18.613384 -5.608016 1.323869 33.708524 -2.879142 0.993437 38.068165 -1.176212 0.150623 14.595214 -8.105786 3.482148 39.492932 -2.587604 0.782721 33.656375 -1.379000 0.208343 17.183040 -4.996575 0.865230 42.951996 -2.880466 0.994477 38.088922 -2.047513 0.472991 26.014053 4.724796 -32.285027 -3.945221 9.083445 16.140859 2.319094 0.906859 2.856572 0.186248 -0.000000 0.914456 -0.000001 -13.144789 2.459777 -6.352164 2.976855 22.445282 2.642980 -0.083462 -22.844304 0.448873 -0.000001 -1.704098 0.000003 
0.338535 93.880409 21.937658 6.219240 -1.770087 -0.928266 6.501204 3.717459 -1.915527 1.856932 1.449641 -0.074538 1.856461 1.448901 -0.060503 -0.255488 -1.573242 0.566974 2.040724 -3.786422 -3.678157 -0.202595 0.842126 -18.587129 1.519990 12.036005 -64.100130 -6.276969 -0.000008 -0.000005 1.535386 1.055036 1.384938 -1.479094 -2.831721 13.718986 21.089900 18.174327 -0.279460 -20.212652 -17.667054 19.610236 2.887587 -0.367442 -27.559159 2.863324 0.745277 -29.174094 1.687886 0.247802 -16.704191 6.881358 1.985629 -36.796490 3.017521 0.834452 -30.910079 2.054256 0.371018 -20.474870 10.090199 4.522389 -37.649543 3.791899 1.387730 -40.191674 1.594901 0.220744 -15.759564 7.545627 2.308162 -35.238373 2.749737 0.683491 -27.913805 1.978705 0.343408 -19.690356 1.920399 0.697305 17.828320 19.212709 -8.022580 45.810048 22.504114 0.000001 -0.000001 8.095364 0.923607 -4.759354 4.883744 -8.847891 -9.465502 -28.897383 15.479521 -9.977349 19.010947 -5.305489 -15.565359 -2.351183 -0.248234 21.589668 -3.090632 1.169317 41.441032 -1.490267 0.244276 18.617946 -5.624403 1.331472 33.530942 -2.887472 0.999972 38.197990 -1.176901 0.150812 14.603890 -8.058071 3.422844 39.256980 -2.590434 0.784603 33.697910 -1.379436 0.208473 17.188608 -4.906659 0.784613 42.789598 -2.879503 0.993730 38.073882 -2.047860 0.473166 26.018646 5.101068 -37.123724 -3.919837 8.249222 16.066521 2.654941 2.154686 -3.429033 -4.703224 0.000003 1.307261 0.000003 -13.456264 4.546058 -6.555971 3.214642 25.247700 2.974025 -0.824244 -26.192314 2.894895 -0.000004 -3.699121 0.000001 
0.969962 92.992485 26.639812 6.696120 -1.556148 -1.362675 7.104512 3.567180 -1.704972 2.016030 1.305108 -0.077922 2.015384 1.304949 -0.065130 -0.324729 -1.615783 0.626270 1.770699 -3.617030 -3.595511 0.309392 0.867859 -18.145629 4.904813 12.790152 -64.104112 -4.573989 0.000001 -0.000003 2.565435 3.194956 1.278225 -1.479096 -2.831722 13.718986 20.423527 17.920139 -0.198215 -19.203717 -17.166796 18.232435 2.977668 -0.240801 -25.977755 2.855452 0.740878 -29.086340 1.747370 0.266011 -17.310969 7.196614 2.196902 -36.078613 3.011841 0.831038 -30.845602 2.040363 0.365852 -20.330282 10.405710 4.650364 -36.659271 3.780223 1.377901 -40.042985 1.579673 0.216471 -15.605283 7.676364 2.384056 -34.469516 2.757095 0.687395 -27.994913 1.965749 0.338790 -19.556222 1.934299 0.700605 18.134687 18.937504 -9.614070 44.672074 22.599993 -0.000023 0.000014 8.227990 0.913111 -5.429322 4.883747 -8.847892 -9.465502 -28.931507 15.492956 -9.975011 19.053735 -5.302722 -15.605449 -2.354803 -0.241998 21.467163 -3.092268 1.170762 41.467656 -1.490477 0.244353 18.620732 -5.603122 1.314898 33.401763 -2.886291 0.999063 38.179627 -1.177648 0.150993 14.613436 -8.007329 3.369948 39.122449 -2.588274 0.783163 33.665982 -1.381815 0.209217 17.219197 -4.798612 0.685897 42.738935 -2.878394 0.992850 38.056547 -2.050601 0.474508 26.056060 4.094143 -39.677262 -4.149243 7.532141 16.047434 4.058177 4.547007 -7.805871 -9.492214 -0.000004 1.001379 0.000008 -14.288170 8.227544 -7.529765 4.566220 23.663704 3.719778 -1.555649 -25.416580 5.388919 -0.000002 -8.610718 0.000000 
1.817458 92.359383 31.350674 6.852492 -1.433458 -1.392324 7.703924 3.723623 -1.798752 2.186516 1.151182 -0.100095 2.186750 1.150051 -0.085088 -0.358468 -1.717157 0.672086 1.855058 -3.900125 -3.699687 0.834106 0.903416 -18.045307 7.506788 13.391413 -63.842693 -3.447955 0.000006 0.000001 4.373280 6.506388 1.429587 -1.479097 -2.831720 13.718985 19.722902 17.610798 -0.116725 -18.419111 -16.727074 17.104571 2.818786 -0.251655 -24.406286 2.846700 0.736025 -28.988689 1.798401 0.282171 -17.833002 7.305455 2.248814 -35.367467 3.007529 0.828464 -30.796681 2.026202 0.360634 -20.183091 10.518965 4.640521 -35.887381 3.782378 1.379694 -40.070432 1.567950 0.213199 -15.486518 7.595335 2.286785 -33.686141 2.757798 0.687765 -28.002640 1.960046 0.336764 -19.497120 2.027543 0.696142 18.316163 18.021333 -10.810646 44.368192 22.543765 -0.000001 0.000017 7.950274 0.436453 -6.152317 4.883747 -8.847894 -9.465501 -28.715075 15.407939 -9.989948 20.304117 -5.094735 -16.780322 -2.267464 -0.281198 21.251664 -3.094169 1.172449 41.498860 -1.490636 0.244402 18.622697 -5.475424 1.228563 33.279349 -2.886590 0.999280 38.184159 -1.177242 0.150888 14.608289 -7.870225 3.250658 39.041208 -2.586689 0.782106 33.642534 -1.379561 0.208511 17.190276 -4.652414 0.550255 42.776560 -2.879012 0.993341 38.066178 -2.053569 0.475965 26.096761 4.133995 -38.713314 -4.682208 7.026352 15.896314 3.613225 5.984136 -7.302434 -8.821983 -0.000006 0.116317 -0.000005 -15.441355 11.623583 -9.090438 6.488490 22.074598 4.515164 -1.747549 -23.522318 5.959556 0.000004 -14.923123 -0.000001 
2.827669 91.992134 36.414482 6.877555 -1.700678 -1.051003 8.290916 4.191431 -2.301569 2.367884 1.005973 -0.159815 2.367510 1.004473 -0.149764 -0.366996 -1.856996 0.725590 2.029611 -4.387420 -3.616497 1.222541 0.934041 -18.088166 8.463100 14.165771 -63.861422 -3.377667 -0.000011 0.000005 5.840807 11.139198 1.470244 -1.479096 -2.831722 13.718983 19.247381 17.402526 -0.059987 -18.246555 -16.657920 16.822426 2.349699 -0.427381 -23.419631 2.856724 0.741579 -29.100468 1.808817 0.285532 -17.939714 7.062237 2.061609 -34.977491 3.011150 0.830631 -30.837795 2.022218 0.359179 -20.141722 10.276931 4.416133 -35.518032 3.784185 1.381216 -40.093453 1.563925 0.212097 -15.445870 7.291806 2.034429 -33.251973 2.757331 0.687499 -27.997543 1.961764 0.337381 -19.514858 1.937709 0.703284 18.325594 16.873795 -11.122426 44.725534 22.615135 -0.000017 -0.000011 7.824002 -0.083976 -6.829429 4.883748 -8.847890 -9.465508 -28.406425 15.287681 -10.011795 21.798462 -4.779094 -18.169919 -2.155316 -0.325408 20.889119 -3.096380 1.174385 41.534773 -1.490703 0.244425 18.623696 -5.351714 1.146512 33.226794 -2.886308 0.999056 38.179852 -1.178204 0.151127 14.620512 -7.733689 3.135173 38.995722 -2.584937 0.780958 33.617081 -1.375995 0.207416 17.144154 -4.571705 0.473159 42.870905 -2.877700 0.992319 38.045670 -2.050735 0.474569 26.057882 6.063829 -37.399958 -6.006289 5.780241 19.057476 1.114580 3.001358 -3.141369 0.114216 0.000006 -2.508971 -0.000001 -16.472195 15.778246 -10.711044 7.282945 19.589748 3.702745 -1.968313 -19.284416 7.398533 0.000003 -21.983382 0.000002 
4.019766 92.110802 41.679634 6.684423 -2.361030 -0.425944 9.066486 4.960323 -2.988917 2.614585 0.736310 -0.284855 2.612823 0.735751 -0.283085 -0.383516 -1.935896 0.709678 1.962776 -4.091872 -3.292449 1.072570 0.928809 -18.231016 8.207119 15.588621 -63.901775 -4.086235 0.000007 -0.000003 6.178631 13.651329 0.140589 -1.479097 -2.831719 13.718985 18.958752 17.277302 -0.024813 -18.355368 -16.761667 16.946734 1.999934 -0.572573 -23.147687 2.863874 0.745575 -29.180259 1.810209 0.285961 -17.954045 6.861402 1.921582 -35.029704 3.013569 0.832081 -30.865137 2.022323 0.359208 -20.142858 10.020260 4.230565 -35.546596 3.790403 1.386458 -40.172652 1.563773 0.212060 -15.444364 7.045675 1.841146 -33.125666 2.773278 0.696049 -28.173729 1.963587 0.338010 -19.533885 1.416186 0.743656 18.336742 15.667848 -10.188305 45.706663 22.387581 -0.000011 -0.000004 8.301477 -0.132525 -7.077846 4.883743 -8.847889 -9.465503 -27.918740 15.100023 -10.047621 23.263788 -4.395771 -19.515116 -2.081378 -0.343609 20.566627 -3.098833 1.176578 41.575307 -1.490709 0.244428 18.623581 -5.255971 1.083655 33.225356 -2.882188 0.995811 38.115618 -1.178774 0.151281 14.627774 -7.641762 3.063777 39.052495 -2.580276 0.777861 33.548407 -1.376059 0.207433 17.145248 -4.506710 0.408352 43.023474 -2.875928 0.990952 38.018189 -2.049055 0.473749 26.034953 6.108943 -34.037677 -7.141926 5.851665 18.864620 0.584402 0.761177 3.995974 5.741244 0.000015 -4.409301 -0.000001 -17.243861 18.961204 -12.540467 6.560582 18.459735 1.743239 -1.703994 -11.051293 10.438564 -0.000001 -31.175671 0.000002 
5.368725 92.577759 46.741905 6.640479 -2.610536 0.059620 9.375453 5.477576 -3.306451 2.721024 0.319920 -0.416881 2.720295 0.320487 -0.418934 -0.347501 -2.031053 0.644161 2.354874 -3.103186 -3.323793 0.991649 0.929908 -18.410915 7.880344 16.617739 -63.628485 -4.752723 0.000003 0.000010 6.287925 12.432354 -2.053357 -1.479096 -2.831722 13.718982 19.103559 17.339735 -0.042506 -18.950771 -17.139873 17.774828 1.995294 -0.608592 -23.738290 2.856346 0.741370 -29.096322 1.810054 0.285909 -17.952520 6.722442 1.831032 -35.322122 3.009164 0.829441 -30.815273 2.030357 0.362159 -20.226205 9.907056 4.190131 -35.939048 3.789074 1.385350 -40.155690 1.568221 0.213270 -15.489298 6.958791 1.782794 -33.408979 2.771379 0.695012 -28.152722 1.967304 0.339345 -19.572291 0.754557 0.794034 18.304690 14.369931 -8.574953 47.541320 21.644016 -0.000006 0.000015 8.666491 0.475490 -6.414039 4.883745 -8.847888 -9.465502 -27.399705 14.903369 -10.087471 24.759968 -3.929272 -20.868296 -1.938133 -0.383953 20.223108 -3.105060 1.182108 41.677217 -1.490592 0.244394 18.622139 -5.155279 1.015434 32.948153 -2.877832 0.992431 38.047893 -1.179031 0.151355 14.630976 -7.576361 2.997625 38.868571 -2.572358 0.772609 33.431918 -1.376663 0.207620 17.153021 -4.427592 0.331047 43.135380 -2.871208 0.987240 37.944809 -2.049767 0.474093 26.044783 5.158184 -30.667211 -7.856883 6.555386 17.938601 1.126477 1.835026 9.336878 8.010419 0.000008 -3.701316 0.000003 -16.342945 17.716314 -13.367763 5.414478 22.611299 -0.034217 -0.337798 2.905602 14.521165 0.011255 -45.766734 -0.033339 
6.649095 92.647301 51.677559 7.562593 -2.452334 0.287506 8.616349 5.401017 -3.374055 2.513375 0.154034 -0.487246 2.515937 0.151534 -0.486629 -0.239658 -2.172515 0.671868 3.447807 -2.731872 -3.660677 1.124350 0.939522 -18.388614 6.748730 15.890637 -63.679028 -5.035571 0.000000 0.000000 5.818783 10.683026 -2.415187 -1.479097 -2.831722 13.718982 19.676793 17.590317 -0.111264 -20.172854 -17.829206 19.448055 2.242245 -0.579588 -25.243069 2.853765 0.739940 -29.067461 1.769539 0.272963 -17.537610 6.593916 1.750464 -35.841073 3.001945 0.825153 -30.733331 2.049561 0.369281 -20.426056 9.815966 4.199354 -36.662639 3.774501 1.373097 -39.970387 1.580172 0.216600 -15.610276 6.990893 1.825053 -34.083802 2.745072 0.681021 -27.862355 1.974076 0.341753 -19.642333 0.502913 0.815340 18.362651 12.736293 -7.240585 49.835400 20.710848 0.000001 0.000003 8.803509 1.041365 -5.529156 4.883740 -8.847891 -9.465506 -26.899974 14.717125 -10.127443 25.980199 -3.491408 -21.955059 -1.872781 -0.392582 19.853832 -3.086032 1.165284 41.365968 -1.490261 0.244274 18.618037 -5.122267 0.989823 32.418707 -2.867368 0.984239 37.884986 -1.179905 0.151594 14.641873 -7.609020 2.997297 38.477191 -2.562122 0.765898 33.281654 -1.378088 0.208052 17.171232 -4.443348 0.344412 43.174551 -2.864004 0.981631 37.832916 -2.050223 0.474317 26.050980 5.566313 -30.167426 -8.488048 7.387058 22.858528 1.103888 1.529134 7.820435 10.005054 0.000007 -3.142184 -0.000003 -13.871611 14.256054 -11.888852 3.956006 28.691914 -1.862751 2.020510 19.951367 14.238626 -5.886069 -67.577489 8.256047 
7.831455 93.070724 56.287136 9.359692 -2.754529 0.449412 7.352409 5.748153 -3.318958 2.162548 0.183397 -0.495735 2.166061 0.179455 -0.496297 -0.112639 -2.212640 0.717548 4.515682 -3.015817 -4.037672 0.608638 0.910208 -18.675580 4.706736 13.714693 -63.835617 -4.724793 0.000004 0.000007 5.415103 6.312959 -3.732445 -1.479097 -2.831718 13.718985 20.345937 17.888262 -0.188829 -20.985444 -18.222082 20.555494 2.448903 -0.561442 -26.744224 2.863247 0.745219 -29.173244 1.696697 0.250463 -16.793825 6.565855 1.741553 -36.418367 3.000175 0.824087 -30.713359 2.069873 0.376886 -20.637499 9.667139 4.164862 -37.430062 3.770652 1.369881 -39.921421 1.597477 0.221458 -15.785592 7.062787 1.895841 -34.717824 2.737973 0.677277 -27.784095 1.981877 0.344538 -19.723156 0.322304 0.834802 18.533585 10.903252 -5.902748 51.865141 19.563004 -0.000001 -0.000004 8.916087 0.956967 -4.946531 4.883745 -8.847894 -9.465502 -26.263368 14.484340 -10.180490 26.161300 -3.423041 -22.099762 -2.066754 -0.328600 20.073772 -3.052993 1.136460 40.828419 -1.487874 0.243473 18.586929 -5.306457 1.106407 32.367655 -2.854869 0.974560 37.691282 -1.178929 0.151322 14.629635 -7.862038 3.199041 38.451028 -2.552838 0.759803 33.145545 -1.380924 0.208946 17.207714 -4.759418 0.639562 43.189496 -2.865392 0.982706 37.854397 -2.048939 0.473698 26.033206 5.346987 -28.832455 -9.229538 7.832793 27.163264 1.563158 0.292049 4.237912 10.208401 -0.000001 -3.301042 -0.000001 -10.942525 8.122614 -10.218459 1.328872 40.637457 -3.519751 2.324213 23.219433 12.796275 -14.261375 -60.557912 18.540274 
8.936003 93.977104 60.715416 11.433659 -3.468252 0.361136 6.075812 6.211370 -3.076913 1.796566 0.253883 -0.382585 1.798351 0.251881 -0.384421 0.030727 -2.070648 0.688467 5.404821 -2.863531 -4.285715 -0.205372 0.863350 -19.305869 2.479509 10.490535 -63.413833 -4.532552 0.000005 -0.000002 5.890511 2.909889 -5.057507 -1.479096 -2.831725 13.718983 20.592032 17.999422 -0.216609 -20.659026 -18.019303 20.159455 2.383895 -0.607624 -26.954194 2.863277 0.745240 -29.173623 1.673276 0.243443 -16.555569 6.577387 1.752810 -36.559561 3.002309 0.825356 -30.737504 2.080167 0.380775 -20.744840 9.530425 4.080908 -37.663272 3.779692 1.377450 -40.036236 1.609641 0.224925 -15.908988 7.032481 1.873321 -34.806852 2.739702 0.678190 -27.803070 1.986509 0.346210 -19.771260 -0.140529 0.877689 18.701176 8.916270 -4.230915 53.623296 17.979500 0.000000 -0.000009 8.743737 0.989655 -4.103039 4.883750 -8.847893 -9.465502 -25.551924 14.229895 -10.242541 25.543092 -3.653642 -21.527262 -2.252082 -0.259213 20.620013 -3.060420 1.142887 40.948996 -1.484220 0.242248 18.539753 -5.562082 1.276473 32.772098 -2.849314 0.970288 37.605393 -1.177026 0.150839 14.605326 -8.182947 3.488888 38.815770 -2.545201 0.754833 33.033739 -1.379509 0.208500 17.189505 -5.218577 1.060276 43.484427 -2.873188 0.988794 37.975562 -2.046064 0.472291 25.993910 4.504856 -25.423233 -9.723623 7.626637 28.372722 2.113775 -0.790785 0.704647 9.972685 -0.000005 -3.486409 0.000001 -8.508584 1.834868 -8.425545 -1.091886 50.519873 -5.144029 1.449543 17.261097 11.209401 -3.250052 -31.172140 6.057153 
9.978571 95.140182 65.085899 13.880581 -4.046949 -0.398091 4.497380 6.331555 -2.269328 1.321709 0.318581 -0.192486 1.320592 0.319015 -0.194755 0.203041 -1.878139 0.631299 6.386713 -2.164282 -4.268079 -0.731837 0.820197 -19.369460 -0.260069 6.660741 -62.962774 -5.238408 -0.000007 -0.000015 4.927211 6.012181 -0.833856 -1.479097 -2.831719 13.718986 20.629285 18.016338 -0.220757 -20.263308 -17.791389 19.651813 2.183491 -0.718454 -26.960468 2.863310 0.745258 -29.173951 1.658506 0.239074 -16.405215 6.553318 1.738150 -36.737644 3.005356 0.827183 -30.771986 2.092598 0.385496 -20.874532 9.278504 3.890656 -37.755520 3.793014 1.388682 -40.205871 1.620103 0.227905 -16.015221 6.901191 1.765562 -34.752856 2.740740 0.678729 -27.814576 1.993518 0.348727 -19.843921 -0.683681 0.925041 18.770564 6.426454 -2.800383 55.767084 15.969544 -0.000009 0.000014 8.169675 2.344355 -3.125134 4.883750 -8.847892 -9.465500 -24.976655 14.028682 -10.294660 25.223313 -3.766772 -21.223939 -2.384443 -0.197191 20.832798 -3.064312 1.146280 41.012199 -1.479998 0.240833 18.484980 -5.755039 1.413491 33.313660 -2.838822 0.962234 37.443015 -1.175886 0.150529 14.590998 -8.432103 3.774284 39.694389 -2.539004 0.750793 32.942948 -1.375013 0.207111 17.131745 -5.657618 1.396147 44.067868 -2.881659 0.995422 38.107200 -2.041791 0.470205 25.935878 3.808428 -20.966671 -9.522770 5.389441 27.434167 1.805324 -1.147319 -1.801461 9.822527 0.000003 -3.704481 -0.000001 -6.957877 -4.082214 -6.125089 -2.975302 56.060239 -6.103329 0.713260 11.233467 9.272264 -3.129798 -29.041029 6.555732 
11.018209 96.277817 69.478348 16.708654 -4.302795 -1.350664 2.586651 6.163520 -1.347951 0.754223 0.365775 -0.015397 0.751294 0.366958 -0.017036 0.378354 -1.732400 0.615395 7.395477 -1.406357 -4.104241 -1.171160 0.779083 -19.184321 -3.762753 3.560939 -62.343453 -6.569827 -0.000006 -0.000013 1.765606 3.935597 1.009104 -1.479096 -2.831718 13.718986 20.565648 17.987406 -0.213637 -20.062788 -17.680800 19.385405 1.892322 -0.876862 -27.000776 2.863343 0.745279 -29.174289 1.623150 0.228789 -16.046114 6.485674 1.689869 -36.882543 3.017206 0.834249 -30.906497 2.114238 0.393795 -21.100476 8.887020 3.591608 -37.879597 3.816140 1.408316 -40.501389 1.629003 0.230476 -16.105456 6.667652 1.575332 -34.678339 2.741856 0.679320 -27.826804 2.004740 0.352786 -19.960335 -1.291309 0.975861 18.777875 3.704365 -1.139103 58.012478 14.080767 -0.000008 0.000018 7.212417 4.721970 -2.093089 4.883747 -8.847889 -9.465500 -24.126040 13.739007 -10.374706 26.011022 -3.482337 -21.892235 -2.351531 -0.193425 20.347914 -3.053170 1.136620 40.831335 -1.468824 0.237116 18.340403 -5.891894 1.508357 33.491973 -2.815894 0.944781 37.089652 -1.177068 0.150855 14.605972 -8.593713 3.976704 40.364164 -2.527879 0.743625 32.780690 -1.368842 0.205215 17.052747 -6.102976 1.721649 44.118562 -2.890011 1.001968 38.237738 -2.035211 0.467014 25.846030 3.385247 -16.324301 -9.002119 2.060969 25.578106 1.134705 -1.325687 -3.678227 9.769988 0.000002 -3.862875 0.000001 -6.410741 -9.568041 -4.220884 -2.968415 57.727140 -5.175773 0.352322 7.347528 8.772811 -1.588619 -28.027435 3.503401 
12.090916 97.187332 73.829102 19.429762 -4.391388 -1.950538 0.844336 5.989374 -0.811711 0.252680 0.396374 0.097570 0.249255 0.397207 0.097155 0.520696 -1.649116 0.623874 8.176359 -0.930843 -3.905405 -1.638135 0.741044 -19.259627 -7.393016 0.991423 -60.953237 -8.691467 -0.000009 0.000006 -1.489486 -1.881135 1.069209 -1.479092 -2.831720 13.718986 20.505807 17.960251 -0.206925 -20.150687 -17.737704 19.494705 1.588479 -1.024430 -26.931952 2.863371 0.745293 -29.174644 1.605434 0.223724 -15.866277 6.319638 1.565505 -36.928770 3.023323 0.837918 -30.975984 2.127265 0.398843 -21.236784 8.545755 3.332691 -38.033652 3.832951 1.422727 -40.716885 1.629048 0.230492 -16.106068 6.456317 1.404786 -34.672933 2.742097 0.679448 -27.829500 2.013783 0.356087 -20.054147 -1.898004 1.024187 18.729478 1.224895 1.339495 59.899857 12.750381 -0.000009 0.000026 6.169536 6.869883 -0.617762 4.883750 -8.847890 -9.465503 -23.176550 13.425317 -10.468016 26.699080 -3.221036 -22.459276 -2.418593 -0.142346 19.931925 -3.020771 1.108876 40.308396 -1.467889 0.236798 18.328498 -6.076501 1.628409 33.402740 -2.807117 0.938153 36.954861 -1.176677 0.150749 14.601030 -8.766114 4.170269 40.788551 -2.529190 0.744460 32.799911 -1.366465 0.204485 17.021928 -6.539233 2.029741 43.872702 -2.901207 1.010823 38.412724 -2.033962 0.466412 25.828985 3.445113 -11.954671 -8.495269 -1.558109 23.783945 0.249684 -1.477545 -5.087977 9.991566 -0.000009 -4.033723 0.000005 -6.075528 -14.618326 -3.043569 -2.600808 56.532134 -4.198534 0.037822 3.727314 7.965653 -0.420925 -23.924051 1.107461 
13.118248 97.694954 78.032890 21.770999 -4.233408 -2.392811 -0.466209 5.834188 -0.402281 -0.120729 0.408840 0.155575 -0.123775 0.409298 0.156291 0.614129 -1.640579 0.653148 8.724510 -0.919251 -3.724622 -1.965954 0.711731 -19.130450 -11.275364 -1.438516 -59.067264 -11.517971 0.000006 -0.000014 -4.835771 -6.486120 1.626902 -1.479099 -2.831717 13.718986 20.430506 17.926144 -0.198427 -20.181554 -17.762680 19.528225 1.497360 -1.077896 -27.034630 2.863404 0.745307 -29.174931 1.595993 0.221043 -15.770692 6.272395 1.530830 -37.015940 3.027010 0.840128 -31.017918 2.128554 0.399352 -21.250243 8.430268 3.249779 -38.161592 3.848149 1.435848 -40.912475 1.631279 0.231135 -16.128616 6.401374 1.359483 -34.643262 2.749584 0.683409 -27.912058 2.014804 0.356457 -20.064698 -2.264984 1.050889 18.647622 -1.271433 4.044003 61.559122 11.581101 -0.000007 0.000008 5.459394 8.718176 1.414693 4.883746 -8.847890 -9.465500 -23.174839 13.424614 -10.468184 25.880321 -3.528902 -21.737101 -2.452049 -0.125688 19.860985 -3.023271 1.111003 40.348649 -1.467351 0.236628 18.321482 -6.237391 1.734741 33.391139 -2.801854 0.934184 36.874344 -1.176153 0.150608 14.594074 -8.894879 4.310871 41.040076 -2.527182 0.743167 32.770589 -1.362790 0.203363 16.974781 -6.800209 2.215080 43.819335 -2.906677 1.015172 38.498252 -2.026389 0.462744 25.725948 3.925986 -8.417710 -7.743404 -4.965887 22.766928 -0.697543 -1.650919 -6.851682 10.246264 -0.000011 -4.118423 -0.000001 -5.526981 -19.156681 -2.232889 -3.211657 52.621365 -4.450618 -0.138097 1.076455 6.565427 -0.299531 -17.076918 1.170983 
14.125822 97.823601 82.115395 23.723052 -3.833896 -2.561443 -1.330688 5.629201 -0.172437 -0.361007 0.395303 0.176198 -0.363484 0.395713 0.177575 0.668775 -1.669412 0.668838 8.991385 -1.318844 -3.587788 -2.252543 0.685543 -18.898415 -15.135293 -3.768108 -56.822980 -14.865430 -0.000001 -0.000008 -7.606726 -10.987024 2.785301 -1.479092 -2.831720 13.718984 20.334959 17.882960 -0.187557 -20.074691 -17.709422 19.380662 1.491819 -1.101418 -27.303002 2.863413 0.745304 -29.175061 1.575976 0.215439 -15.567818 6.293482 1.548798 -37.213429 3.036152 0.845634 -31.121941 2.128385 0.399282 -21.248428 8.314063 3.160830 -38.218566 3.873370 1.457826 -41.238309 1.630320 0.230853 -16.118809 6.374917 1.338249 -34.605949 2.769179 0.693841 -28.128421 2.018640 0.357873 -20.104510 -2.444481 1.054885 18.437266 -3.929618 6.653203 62.952672 10.383392 -0.000007 0.000017 4.767921 10.315996 3.322389 4.883749 -8.847891 -9.465502 -23.037533 13.380367 -10.481958 24.926921 -3.864374 -20.888769 -2.558281 -0.075560 19.914917 -3.027669 1.114751 40.419366 -1.464585 0.235705 18.285755 -6.363772 1.815352 33.305724 -2.799416 0.932367 36.836740 -1.176439 0.150684 14.598040 -9.012965 4.430634 41.171591 -2.522065 0.739881 32.696040 -1.362575 0.203291 16.972048 -7.032475 2.376922 43.736659 -2.902180 1.011596 38.427870 -2.023391 0.461313 25.685070 4.558052 -5.657041 -6.931149 -7.986458 22.419737 -1.699782 -1.821931 -8.956138 10.384470 -0.000007 -4.068292 0.000002 -5.063738 -22.843344 -2.113272 -4.590241 45.862750 -5.408484 -0.174601 0.137503 5.652375 -0.161336 -7.897730 1.915647 
15.154095 97.648895 86.128342 25.307538 -3.495887 -2.359249 -1.807939 5.565332 -0.245882 -0.483302 0.396643 0.158146 -0.485313 0.397330 0.159860 0.705020 -1.723211 0.633825 8.988961 -1.985430 -3.368400 -2.843662 0.637254 -18.899142 -18.285345 -6.000381 -54.145368 -18.365028 -0.000002 -0.000003 -9.547449 -14.433709 4.650966 -1.479087 -2.831719 13.718986 20.303986 17.869602 -0.184862 -19.948739 -17.638263 19.213467 1.420548 -1.159661 -27.578981 2.863407 0.745314 -29.174993 1.583323 0.217481 -15.642315 6.214513 1.490469 -37.428938 3.041060 0.848601 -31.177870 2.131086 0.400321 -21.276765 8.227892 3.105226 -38.428837 3.893746 1.475761 -41.502422 1.628492 0.230328 -16.100322 6.282215 1.264707 -34.647203 2.778886 0.699052 -28.235712 2.022339 0.359210 -20.143051 -2.602419 1.048040 18.079193 -6.251173 9.145883 64.017239 9.144054 -0.000003 -0.000012 3.873967 11.476378 4.554983 4.883749 -8.847890 -9.465502 -21.787552 12.987539 -10.610737 25.071849 -3.824307 -20.967096 -2.785374 0.048176 19.674708 -3.011919 1.101391 40.166352 -1.462610 0.235052 18.260188 -6.598445 1.954661 32.940756 -2.796345 0.930071 36.789844 -1.177698 0.151000 14.613893 -9.255515 4.642128 41.128227 -2.502906 0.727641 32.417164 -1.364172 0.203783 16.992517 -7.494807 2.679536 43.301695 -2.901456 1.011022 38.416628 -2.019191 0.459290 25.627799 5.115179 -2.961229 -6.257098 -10.443152 22.209718 -2.633289 -2.244433 -11.344032 10.784274 -0.000016 -4.677206 0.000002 -4.902965 -24.997190 -2.721045 -6.860061 35.966731 -6.635534 -0.192152 0.552728 6.329164 0.000000 -2.283138 -0.000002 
16.204239 97.228958 90.084488 26.722511 -3.028007 -1.957936 -2.166356 5.431425 -0.424808 -0.571693 0.383104 0.100032 -0.572757 0.384472 0.101770 0.739519 -1.810453 0.568326 8.936518 -2.621474 -3.196130 -3.541883 0.580097 -18.927299 -20.834032 -8.071310 -51.341583 -21.771962 -0.000005 -0.000014 -10.870262 -16.730678 6.261961 -1.479092 -2.831721 13.718984 20.314682 17.873649 -0.185225 -19.877507 -17.595057 19.121099 1.339883 -1.220208 -27.810517 2.863389 0.745295 -29.174699 1.591228 0.219713 -15.722344 6.137780 1.432571 -37.594119 3.044444 0.850663 -31.216365 2.133721 0.401361 -21.304340 8.136486 3.042271 -38.603891 3.900360 1.481600 -41.588424 1.628509 0.230331 -16.100467 6.184687 1.186387 -34.652599 2.778901 0.699047 -28.235973 2.023232 0.359553 -20.152260 -2.741138 1.040847 17.759086 -8.082525 11.298544 64.752359 7.722284 -0.000013 0.000003 3.040168 13.203382 5.284759 4.883745 -8.847890 -9.465506 -20.321819 12.550385 -10.768428 25.516683 -3.683079 -21.292942 -3.008943 0.161104 19.681474 -2.983076 1.077238 39.705064 -1.462570 0.235042 18.259715 -6.905252 2.131652 32.481880 -2.788598 0.924295 36.671258 -1.178053 0.151101 14.618579 -9.524948 4.875148 41.067107 -2.485426 0.716602 32.163357 -1.365604 0.204217 17.011191 -7.953480 2.964739 42.810270 -2.904371 1.013341 38.462202 -2.016328 0.457921 25.588829 5.459802 -0.446262 -5.636137 -10.860632 22.036364 -2.835804 -4.175380 -13.915507 11.327044 0.000004 -5.560559 -0.000002 -4.974094 -25.005143 -3.540814 -8.268548 21.980717 -6.387707 -0.349531 2.626545 6.828823 -0.000004 -2.046358 0.000000 
17.346218 96.511894 94.056778 27.995798 -2.234401 -1.257359 -2.392439 4.862687 -0.773855 -0.620731 0.382691 0.014225 -0.619510 0.385503 0.014484 0.755361 -1.927647 0.522000 8.888906 -3.086154 -3.273046 -4.011471 0.541503 -18.924774 -23.301902 -10.176616 -48.581418 -24.279116 -0.000001 -0.000005 -12.136471 -17.731002 7.605175 -1.479096 -2.831720 13.718986 20.383164 17.904567 -0.193035 -19.710360 -17.488534 18.907480 1.347074 -1.234319 -28.026015 2.863327 0.745277 -29.174098 1.579973 0.216547 -15.608365 6.106422 1.409148 -37.759601 3.048068 0.852848 -31.257678 2.134705 0.401747 -21.314527 8.073216 3.000016 -38.756252 3.916125 1.495670 -41.794272 1.625952 0.229597 -16.074601 6.186594 1.188054 -34.693232 2.779077 0.699149 -28.237891 2.022319 0.359196 -20.142597 -2.967083 1.053680 17.680382 -9.605644 12.951710 64.994789 6.384815 -0.000002 0.000006 2.107009 15.925933 5.778668 4.883745 -8.847895 -9.465500 -19.165168 12.223851 -10.896857 25.717674 -3.622248 -21.412950 -3.211543 0.259569 19.841093 -2.979809 1.074544 39.652984 -1.460069 0.234215 18.227524 -7.139836 2.268367 32.232759 -2.781400 0.918944 36.561244 -1.178187 0.151132 14.620283 -9.701045 5.044676 41.157788 -2.479243 0.712709 32.073923 -1.362444 0.203259 16.970385 -8.341882 3.203923 42.477414 -2.906726 1.015209 38.498976 -2.013727 0.456675 25.553534 5.487806 1.508581 -5.336623 -10.911471 22.292021 -3.028354 -5.918720 -16.620914 11.898282 -0.000005 -5.501075 -0.000000 -5.178778 -25.022048 -4.509079 -7.922647 8.632036 -4.937080 -1.345645 7.721942 6.565464 -0.000003 -2.674555 -0.000000 
18.644972 95.223755 98.356178 28.976866 -1.549702 -0.498840 -2.444119 3.909694 -1.190689 -0.616890 0.582596 0.017101 -0.613681 0.587315 0.013243 0.769432 -2.014061 0.487329 8.980077 -3.521195 -3.541868 -4.215516 0.523795 -19.036340 -25.477301 -12.419784 -46.115907 -25.389119 -0.000011 -0.000022 -13.147768 -17.182230 8.315798 -1.479094 -2.831718 13.718981 20.528537 17.970390 -0.209455 -19.498605 -17.346141 18.640536 1.478214 -1.170650 -28.089240 2.863245 0.745227 -29.173172 1.583689 0.217580 -15.645938 6.213904 1.492956 -37.829645 3.051457 0.854896 -31.296279 2.132689 0.400954 -21.293439 8.127929 3.041971 -38.714383 3.933601 1.511326 -42.022636 1.621797 0.228404 -16.032322 6.292770 1.273539 -34.648908 2.783011 0.701247 -28.281450 2.017982 0.357629 -20.097705 -3.069117 1.060729 17.659232 -10.808772 14.320719 64.778648 5.489824 -0.000009 0.000013 0.690942 19.095447 6.282677 4.883746 -8.847898 -9.465501 -18.762492 12.113735 -10.942290 25.241227 -3.792588 -20.978376 -3.309797 0.304240 20.074828 -2.934650 1.037589 38.937833 -1.457832 0.233490 18.198366 -7.247903 2.338783 32.257122 -2.776671 0.915440 36.489053 -1.178785 0.151296 14.627716 -9.741704 5.090273 41.225178 -2.476176 0.710815 32.029585 -1.364693 0.203933 16.999410 -8.546810 3.317374 42.208626 -2.906432 1.014973 38.494366 -2.013568 0.456607 25.551352 5.548083 2.936775 -5.047220 -10.955133 24.317050 -3.465028 -7.581740 -20.263790 12.500571 -0.000017 -6.072247 0.000003 -5.825926 -27.913680 -5.722903 -7.337641 2.170034 -3.110344 -0.911520 2.124019 8.244353 0.000010 -3.162559 0.000003 
19.959393 94.510406 102.617928 29.885295 -1.307121 -0.133581 -2.606678 3.666181 -1.159230 -0.660853 0.618718 0.048254 -0.657895 0.619912 0.043322 0.806459 -2.029228 0.488461 9.335999 -3.915288 -3.773977 -4.347082 0.512514 -19.066277 -26.756658 -14.660118 -44.627653 -25.376654 0.000000 -0.000007 -13.629742 -16.226417 9.421475 -1.479096 -2.831718 13.718981 20.497657 17.956678 -0.206260 -19.432827 -17.308664 18.550755 1.489494 -1.164333 -28.084473 2.863115 0.745167 -29.171837 1.596158 0.221100 -15.772329 6.205629 1.486151 -37.776526 3.051971 0.855214 -31.302105 2.130350 0.400033 -21.268992 8.129963 3.038378 -38.626595 3.930709 1.508732 -41.984818 1.624395 0.229150 -16.058736 6.322584 1.297519 -34.624971 2.789910 0.704977 -28.357877 2.019173 0.358058 -20.110094 -2.900189 1.044664 17.586641 -11.877924 15.504434 64.225102 5.019622 -0.000022 0.000036 -0.580442 22.195839 7.423749 4.883745 -8.847891 -9.465501 -19.767667 12.391911 -10.829540 23.682219 -4.273432 -19.655258 -3.344524 0.313997 20.480553 -2.939903 1.041850 39.020785 -1.461535 0.234711 18.246289 -7.220391 2.331224 32.425903 -2.777608 0.916138 36.503277 -1.181020 0.151870 14.656285 -9.763707 5.090133 41.078530 -2.478488 0.712247 32.063285 -1.367653 0.204845 17.037098 -8.441666 3.228818 42.053406 -2.901804 1.011298 38.422041 -2.014947 0.457254 25.570154 5.713152 6.227205 -4.230494 -10.581760 23.230612 -2.974387 -9.149950 -21.429135 12.159532 -0.000014 -7.692525 0.000001 -6.858769 -31.757682 -6.644081 -3.139740 2.259475 -0.513746 -0.576714 -1.813029 9.824382 0.000000 -4.690007 0.000007 
21.186834 93.848099 106.978241 30.757602 -1.280260 -0.119508 -2.923886 3.734677 -1.010566 -0.749018 0.624566 0.109107 -0.747279 0.623656 0.103873 0.854686 -2.064284 0.565940 9.870328 -4.273076 -3.737704 -4.580517 0.495714 -18.818800 -26.854554 -16.495537 -44.328843 -24.963500 -0.000004 -0.000015 -13.569433 -15.849712 10.611133 -1.479097 -2.831720 13.718986 20.467427 17.942753 -0.202662 -19.486736 -17.344741 18.619707 1.317656 -1.233933 -27.837558 2.862970 0.745062 -29.170024 1.597047 0.221353 -15.781307 6.095715 1.400470 -37.657452 3.047285 0.852389 -31.248751 2.140023 0.403819 -21.370209 8.052262 2.977162 -38.654882 3.920990 1.500017 -41.857640 1.628712 0.230399 -16.102612 6.143601 1.153936 -34.589143 2.778647 0.698906 -28.233118 2.025721 0.360450 -20.178010 -2.812621 1.041423 17.620829 -12.515651 16.178835 63.392843 4.807155 0.000006 -0.000017 -0.855469 24.686097 8.940683 4.883748 -8.847889 -9.465503 -22.184514 13.112853 -10.568719 20.633701 -5.000361 -17.013643 -3.309069 0.277347 21.103188 -2.970833 1.067118 39.510493 -1.468637 0.237058 18.337939 -7.067438 2.267693 33.053447 -2.785618 0.922085 36.625762 -1.181053 0.151888 14.656526 -9.595119 4.898223 40.763266 -2.483630 0.715465 32.137362 -1.370815 0.205809 17.078063 -7.958026 2.904860 42.123860 -2.890839 1.002643 38.250582 -2.019967 0.459648 25.638527 5.574187 9.529497 -3.375189 -10.201554 22.412432 -1.873579 -9.770517 -21.936452 11.488820 -0.000015 -10.789203 0.000000 -6.284757 -32.569972 -6.703388 2.152968 2.221922 -0.137933 -0.584777 -1.826743 9.650694 0.000004 -5.679517 0.000012 
22.442293 93.307243 111.626465 31.775833 -1.618557 -0.492465 -3.636760 4.000628 -0.657022 -0.954180 0.612226 0.187269 -0.954251 0.616486 0.183765 0.938800 -2.071153 0.665477 10.661096 -4.603094 -3.557312 -4.863773 0.476304 -18.549078 -25.919707 -17.311333 -44.682097 -24.494368 -0.000004 -0.000008 -13.297980 -15.529646 10.670612 -1.479099 -2.831720 13.718986 20.500249 17.957464 -0.206253 -19.774668 -17.516372 19.002657 1.130163 -1.297303 -27.443389 2.862757 0.744966 -29.167715 1.599971 0.222159 -15.810949 5.907453 1.255399 -37.402539 3.040986 0.848545 -31.176870 2.142775 0.404902 -21.399191 8.029044 2.956681 -38.624891 3.905293 1.485998 -41.652789 1.634356 0.232021 -16.159802 6.065853 1.091786 -34.578000 2.769227 0.693858 -28.129022 2.027740 0.361199 -20.199064 -2.827415 1.052588 17.780521 -12.317517 16.326375 62.492666 4.920506 0.000010 0.000015 -0.912791 26.353648 9.622984 4.883748 -8.847889 -9.465505 -25.454018 14.196269 -10.251207 16.948011 -5.527127 -13.672572 -3.087003 0.136985 21.792905 -3.049881 1.133758 40.777684 -1.473410 0.238637 18.399768 -6.787789 2.114315 33.684826 -2.801674 0.934044 36.871233 -1.180091 0.151643 14.644419 -9.346857 4.663027 40.634192 -2.486692 0.717398 32.181795 -1.375499 0.207269 17.138099 -7.289422 2.480375 42.585570 -2.881900 0.995617 38.111312 -2.024117 0.461663 25.695103 5.495769 13.091358 -2.187594 -9.748773 21.793264 -0.285530 -9.915982 -21.123651 10.389040 -0.000001 -15.984038 0.000005 -6.313140 -30.643514 -6.219604 5.057346 2.149631 0.253382 0.022651 2.781588 8.704540 0.000004 -6.760922 -0.000003 
23.821714 93.276764 116.584328 33.637353 -2.405586 -1.288139 -5.093491 4.445184 0.048200 -1.378289 0.508889 0.318105 -1.380242 0.511613 0.318833 1.070231 -1.964243 0.718922 11.540580 -4.295347 -3.462284 -4.896969 0.471223 -18.718584 -25.104215 -16.530823 -45.154046 -23.458329 0.000003 -0.000023 -13.184622 -15.971197 10.464785 -1.479096 -2.831720 13.718985 20.639083 18.020621 -0.221866 -19.907865 -17.582797 19.189292 1.206123 -1.235297 -27.166524 2.862468 0.744788 -29.164491 1.613039 0.225872 -15.943521 5.908645 1.256305 -37.125329 3.038800 0.847236 -31.151987 2.134569 0.401686 -21.313161 8.186087 3.069475 -38.394799 3.892656 1.474794 -41.488345 1.633752 0.231822 -16.153587 6.242156 1.233224 -34.618609 2.752246 0.684813 -27.941520 2.023852 0.359783 -20.158784 -3.010989 1.075216 17.909188 -12.011020 16.396706 61.512629 5.356487 -0.000003 0.000003 -1.090566 27.219607 9.130648 4.883747 -8.847893 -9.465502 -27.384931 14.897674 -10.088625 14.750470 -5.657891 -11.574825 -2.978123 0.059357 22.373601 -3.052347 1.135906 40.818044 -1.478324 0.240269 18.463306 -6.595315 2.021106 34.525151 -2.822470 0.949742 37.190657 -1.177265 0.150888 14.608644 -9.148252 4.528320 40.974124 -2.514235 0.734879 32.582038 -1.378346 0.208137 17.174565 -6.874925 2.226590 43.189602 -2.890355 1.002256 38.243134 -2.030968 0.464963 25.788247 6.095672 17.443246 0.035256 -9.129985 19.893512 1.775197 -10.576882 -17.319912 8.712703 -0.000008 -21.046487 0.000009 -6.399743 -27.021512 -5.463148 5.439048 2.206310 0.004579 0.747541 8.621256 8.839712 -0.000006 -8.250657 -0.000001 
25.250298 93.662125 121.585098 36.049940 -2.956575 -2.073822 -6.472223 4.641595 0.690040 -1.779792 0.242749 0.411256 -1.782577 0.243314 0.413998 1.132745 -1.841772 0.772145 11.727729 -2.977945 -3.263033 -4.889806 0.468662 -18.937248 -24.481913 -14.948267 -46.238943 -21.042063 0.000010 -0.000018 -12.917479 -16.774600 9.797948 -1.479097 -2.831721 13.718984 20.828428 18.095942 -0.244585 -20.035508 -17.629236 19.368758 1.594369 -1.022630 -26.946869 2.860011 0.743416 -29.137058 1.615214 0.226506 -15.965535 6.175492 1.455515 -36.745629 3.034145 0.844423 -31.099067 2.119824 0.395958 -21.158973 8.597627 3.366482 -37.933003 3.866982 1.452228 -41.155455 1.619285 0.227678 -16.006912 6.632977 1.547936 -34.675228 2.747530 0.682313 -27.889384 2.009270 0.354446 -20.007289 -3.625036 1.149458 18.294747 -12.153392 16.391291 60.325768 5.703049 0.000014 0.000015 -0.886502 25.985682 7.368511 4.883749 -8.847893 -9.465502 -28.071468 15.158148 -10.036249 14.191577 -5.670551 -11.019883 -2.988738 0.046300 22.973375 -3.053855 1.137197 40.842233 -1.483217 0.241914 18.526755 -6.546575 2.008899 35.047077 -2.829501 0.955082 37.298956 -1.179651 0.151526 14.638796 -9.076426 4.489226 41.188506 -2.527579 0.743424 32.776302 -1.376918 0.207698 17.156288 -6.697887 2.113961 43.441110 -2.891524 1.003148 38.260968 -2.032554 0.465726 25.809823 6.246712 19.772300 1.969414 -8.362060 20.026033 3.981776 -10.303215 -10.156309 6.440214 -0.000371 -27.894231 0.103152 -6.171977 -23.327872 -4.918239 3.257271 2.461323 -1.015704 1.365467 13.098474 10.019601 -0.000000 -8.258124 0.000001 
26.696827 93.808037 126.536659 37.721359 -2.942253 -2.790708 -6.839877 4.316811 1.223981 -1.892094 0.065447 0.501211 -1.896244 0.064009 0.499927 1.091169 -1.835792 0.833928 11.339562 -1.794887 -3.202919 -5.005382 0.461775 -18.757431 -23.241059 -13.963014 -48.293932 -17.512446 -0.000013 0.000002 -11.374515 -15.968002 8.319027 -1.479094 -2.831721 13.718985 20.922790 18.124151 -0.257265 -20.044235 -17.610485 19.383520 1.791876 -0.911812 -26.777552 2.850408 0.738097 -29.030049 1.615977 0.226722 -15.973357 6.321209 1.562707 -36.593643 3.023888 0.838239 -30.982435 2.108639 0.391651 -21.042039 8.946614 3.626678 -37.733390 3.839840 1.428665 -40.805486 1.621788 0.228392 -16.032295 6.834661 1.711257 -34.714467 2.729965 0.673060 -27.695951 1.999898 0.351038 -19.909983 -4.214861 1.235396 18.804636 -12.041421 15.528379 59.507367 5.700328 -0.000011 -0.000020 -0.494772 23.407217 5.079810 4.883747 -8.847890 -9.465508 -28.336597 15.260347 -10.016819 14.748421 -5.662437 -11.541755 -2.909199 0.006291 22.824460 -3.055806 1.138894 40.874205 -1.490140 0.244232 18.616191 -6.453150 1.936465 34.880909 -2.833060 0.957818 37.353936 -1.176788 0.150773 14.602519 -8.999922 4.409805 41.089943 -2.524476 0.741440 32.731161 -1.380030 0.208648 17.196244 -6.487908 1.973199 43.617656 -2.889613 1.001652 38.231431 -2.036126 0.467454 25.858492 5.823906 18.233987 2.995805 -9.274920 25.266615 4.354566 -7.548743 0.676587 4.811573 -0.238401 -45.105080 0.756061 -6.936438 -24.128912 -4.468643 2.504833 10.027733 0.324517 0.965073 11.996414 7.745671 0.000006 -6.541722 -0.000000 
28.138208 94.187149 131.175507 38.080596 -3.068081 -3.656433 -6.245173 4.342432 1.961104 -1.749895 0.043449 0.655649 -1.756843 0.038077 0.654110 1.039054 -1.890177 0.839596 11.105207 -1.617136 -3.507343 -4.917615 0.470091 -18.671994 -21.665261 -13.388923 -50.500250 -13.998351 -0.000014 -0.000017 -8.300282 -13.814930 6.290249 -1.479097 -2.831719 13.718986 21.035946 18.158116 -0.272436 -19.893664 -17.493093 19.191172 1.879681 -0.878161 -26.926590 2.863091 0.745142 -29.171414 1.615826 0.226687 -15.971846 6.354031 1.588911 -36.728932 3.020254 0.836070 -30.941150 2.100922 0.388680 -20.961449 9.123447 3.775932 -37.843814 3.832296 1.422151 -40.708607 1.618955 0.227587 -16.003558 6.944994 1.804824 -34.919731 2.730392 0.673287 -27.700531 1.998691 0.350598 -19.897675 -3.947567 1.221101 18.908959 -10.948027 13.838319 59.529087 5.583142 0.000002 0.000013 -0.472813 20.959315 3.735294 4.883747 -8.847889 -9.465503 -28.428166 15.295852 -10.010215 15.145849 -5.650038 -11.917253 -2.840888 -0.022610 22.732195 -3.066366 1.148054 41.045489 -1.487608 0.243388 18.583461 -6.338140 1.857773 34.937196 -2.838030 0.961620 37.430779 -1.179083 0.151365 14.631612 -8.883659 4.287790 40.919240 -2.524239 0.741282 32.727647 -1.380376 0.208768 17.200595 -6.299280 1.840161 43.621761 -2.887688 1.000157 38.201490 -2.037325 0.468041 25.874708 5.098158 13.499792 4.438292 -10.575717 33.856087 1.790704 -3.493234 15.650333 -1.858914 -6.222929 -61.854166 8.948575 -7.516632 -24.047742 -3.342142 2.853740 16.054076 1.726022 0.699911 9.717455 5.677936 0.000001 -5.115287 0.000001 
29.624918 94.868439 135.381195 37.768501 -3.721678 -4.227573 -5.104805 4.968718 2.533697 -1.462139 0.138046 0.755539 -1.471538 0.130671 0.756251 0.976968 -1.887454 0.825560 10.981075 -1.896520 -3.839903 -4.726277 0.483711 -18.805681 -20.124490 -12.531406 -52.360234 -10.854622 -0.000004 0.000000 -5.475519 -11.127933 4.444559 -1.479094 -2.831719 13.718984 21.056927 18.164439 -0.275260 -19.680579 -17.360191 18.912510 2.032969 -0.822637 -27.253537 2.862116 0.744601 -29.160598 1.619261 0.227675 -16.006652 6.417874 1.638234 -36.838823 3.020935 0.836479 -30.948769 2.088871 0.384083 -20.835586 9.278406 3.909657 -37.961850 3.832189 1.422074 -40.707101 1.614906 0.226429 -15.962357 7.082496 1.921302 -35.100284 2.741719 0.679249 -27.825322 1.994571 0.349110 -19.854773 -2.942148 1.132756 18.865442 -8.689398 11.932484 59.879271 5.613953 0.000006 0.000008 -0.795169 18.076336 3.357656 4.883747 -8.847890 -9.465502 -28.590390 15.359033 -9.998687 14.693093 -5.665226 -11.479462 -2.853428 -0.024200 23.041624 -3.108967 1.185611 41.741670 -1.488562 0.243700 18.595817 -6.296433 1.826987 34.894275 -2.842318 0.964894 37.496844 -1.174156 0.150089 14.569050 -8.907897 4.300253 40.836974 -2.529033 0.744345 32.797336 -1.382039 0.209275 17.222187 -6.291968 1.830127 43.487046 -2.889912 1.001901 38.236007 -2.040843 0.469749 25.922836 4.270209 7.807111 5.056745 -7.893034 45.324350 0.633590 -0.838593 23.007199 -3.001996 0.496724 -32.649530 -1.772889 -7.111448 -22.135704 -1.846078 2.644772 19.503317 1.381487 0.414829 6.620972 3.835052 -0.000027 -4.873413 0.000003 
31.174404 95.782097 139.186142 37.328367 -4.286606 -4.189752 -3.635587 5.449174 2.625916 -1.061733 0.250086 0.727179 -1.071494 0.244299 0.729539 0.872518 -1.819847 0.803960 10.573604 -1.950612 -4.094348 -4.555373 0.494970 -19.038222 -18.651776 -11.459994 -54.002529 -8.149068 -0.000014 -0.000005 -3.633694 -7.867169 3.323538 -1.479094 -2.831718 13.718985 21.116288 18.182356 -0.283224 -19.498816 -17.234507 18.675016 2.298450 -0.714630 -27.699356 2.862090 0.744576 -29.160291 1.653510 0.237615 -16.354546 6.528781 1.725709 -37.080817 3.025465 0.839207 -31.000402 2.073716 0.378330 -20.677710 9.492732 4.094919 -38.107606 3.837663 1.426790 -40.777551 1.607456 0.224295 -15.886916 7.297883 2.105888 -35.358721 2.766966 0.692666 -28.103823 1.984965 0.345653 -19.755287 -1.930614 1.042153 18.780604 -5.322409 9.751682 60.089621 5.852712 0.000001 0.000010 -0.703274 16.110087 3.324370 4.883747 -8.847899 -9.465502 -28.639157 15.378051 -9.995259 13.860458 -5.674952 -10.680079 -2.927339 -0.004145 23.500022 -3.100098 1.177713 41.596016 -1.493475 0.245361 18.659419 -6.332435 1.857958 35.055229 -2.857983 0.976967 37.739514 -1.170724 0.149197 14.525478 -8.926840 4.318212 40.848424 -2.549698 0.757747 33.099387 -1.383188 0.209638 17.236870 -6.301779 1.837142 43.500426 -2.888649 1.000892 38.216493 -2.041989 0.470295 25.938316 3.651310 1.569520 5.022709 3.130533 55.034970 6.775824 -0.603867 22.783423 -2.067293 0.023367 -0.773325 0.956322 -7.296922 -19.370982 -1.212766 2.961531 20.809261 1.424499 0.230033 3.114459 2.394845 0.000002 -4.883400 0.000003 
32.704929 96.686867 142.751846 37.016463 -4.335454 -3.717498 -2.096618 5.464652 2.261301 -0.616645 0.317074 0.624263 -0.625389 0.314105 0.626560 0.737756 -1.722618 0.779382 9.768506 -1.783878 -4.154471 -4.325543 0.512267 -19.244425 -16.802038 -10.197957 -55.721872 -6.297358 0.000000 -0.000012 -1.984757 -4.328891 2.737308 -1.479097 -2.831721 13.718984 21.072238 18.169051 -0.277292 -19.599486 -17.307220 18.806335 2.368339 -0.706708 -28.167511 2.862091 0.744587 -29.160273 1.665173 0.241034 -16.473142 6.505170 1.711323 -37.299885 3.026739 0.839979 -31.014885 2.060622 0.373409 -20.541000 9.596893 4.200371 -38.322969 3.845256 1.433347 -40.875236 1.598259 0.221686 -15.793621 7.353581 2.162153 -35.674884 2.773943 0.696374 -28.181041 1.980527 0.344065 -19.709148 -1.203993 0.971916 18.594027 -1.585285 7.100999 60.045238 6.289727 0.000005 -0.000018 -0.252831 15.579919 2.911397 4.883750 -8.847893 -9.465505 -28.575792 15.353312 -9.999701 13.402081 -5.670300 -10.242330 -2.917172 -0.025289 23.869035 -3.067917 1.149400 41.070751 -1.488344 0.243637 18.592982 -6.319382 1.854232 35.211920 -2.866981 0.983954 37.879020 -1.172287 0.149591 14.545484 -8.899914 4.312597 41.014958 -2.559122 0.763901 33.237408 -1.379689 0.208551 17.191912 -6.219604 1.788454 43.771783 -2.893104 1.004426 38.286089 -2.045450 0.471980 25.985612 3.823215 -5.306496 4.296397 9.546163 62.037748 10.933854 0.553762 18.067384 -1.821337 0.008497 -3.748838 -0.745099 -7.903569 -16.834654 -1.351826 3.749991 20.927717 1.963204 0.172594 0.912137 1.508129 0.000003 -4.804659 0.000002 
34.221630 97.482285 146.161987 37.181613 -4.448565 -3.106274 -0.861541 5.749982 1.690234 -0.257532 0.391004 0.476952 -0.264935 0.390450 0.478627 0.602148 -1.648656 0.766433 8.858413 -1.583053 -4.191944 -3.926221 0.546460 -19.234885 -14.746529 -8.145330 -57.427056 -5.614977 -0.000009 0.000006 -0.117339 -2.156422 2.176220 -1.479094 -2.831722 13.718981 20.916344 18.122228 -0.256401 -19.976319 -17.572309 19.294803 2.267864 -0.781395 -28.504193 2.862091 0.744580 -29.160291 1.680882 0.245702 -16.633012 6.288258 1.546828 -37.411456 3.031630 0.842901 -31.070527 2.051733 0.370094 -20.448546 9.520748 4.150268 -38.438481 3.855454 1.442195 -41.006608 1.597772 0.221552 -15.788730 7.249617 2.079738 -35.836708 2.776588 0.697788 -28.210327 1.978961 0.343503 -19.692970 -0.665581 0.923342 18.502233 1.982640 4.569076 59.591782 7.260762 -0.000001 -0.000001 0.390380 15.546489 2.181361 4.883749 -8.847888 -9.465501 -28.771222 15.429816 -9.986047 14.208001 -5.674699 -11.008235 -2.687808 -0.142890 23.417486 -3.106566 1.183449 41.702154 -1.487770 0.243449 18.585430 -6.188855 1.762725 35.247714 -2.867977 0.984711 37.894552 -1.172328 0.149621 14.545767 -8.733146 4.176660 41.129917 -2.560596 0.764882 33.259186 -1.377703 0.207936 17.166239 -6.070212 1.692365 44.095797 -2.893849 1.005003 38.297513 -2.045381 0.471953 25.984849 4.595722 -11.564605 3.262241 8.746445 65.575792 9.088229 -0.159212 15.684590 -1.807945 0.018998 -2.392133 -1.129064 -8.622705 -14.152743 -1.906983 4.115846 20.676668 2.314185 0.124895 -0.651512 1.366413 -0.000003 -4.655574 -0.000000 
35.797222 98.060043 149.402527 37.732055 -4.646890 -2.529178 0.152402 6.218533 1.193021 0.036213 0.463938 0.354961 0.029582 0.464754 0.355732 0.474240 -1.544898 0.715404 7.821644 -1.506794 -4.371903 -3.594516 0.574722 -19.258605 -12.685953 -5.325193 -58.967605 -5.711890 0.000007 -0.000009 1.084390 -1.339836 1.297576 -1.479094 -2.831721 13.718986 20.768174 18.078013 -0.236488 -20.194805 -17.737199 19.573358 2.156350 -0.851365 -28.655632 2.862090 0.744586 -29.160270 1.679460 0.245285 -16.618492 6.166313 1.454042 -37.506911 3.033692 0.844147 -31.093938 2.054551 0.371139 -20.477874 9.441114 4.100618 -38.592365 3.858442 1.444788 -41.045189 1.595885 0.221015 -15.769595 7.169047 2.018450 -35.902490 2.786614 0.703199 -28.321342 1.980479 0.344042 -19.708717 -0.141725 0.865353 18.119375 5.265189 2.747116 58.957141 8.934833 0.000001 0.000017 1.513588 14.877919 0.782063 4.883749 -8.847892 -9.465502 -29.129394 15.571178 -9.961663 15.268922 -5.650289 -12.009088 -2.487292 -0.251899 23.212825 -3.067785 1.149274 41.068473 -1.485537 0.242691 18.556666 -5.966760 1.608625 35.388378 -2.871380 0.987378 37.947554 -1.171806 0.149477 14.539215 -8.551456 4.031369 41.294849 -2.569695 0.770857 33.392737 -1.371241 0.205957 17.083428 -5.781678 1.493132 44.391315 -2.895925 1.006641 38.330253 -2.045960 0.472239 25.992691 5.280907 -17.219742 1.691836 2.925451 66.377035 2.903937 -0.151117 12.186485 -1.002818 -0.092124 -7.438908 0.773743 -9.459790 -11.476047 -2.693424 4.234011 20.522073 2.613528 0.051261 -2.199105 1.601889 -0.000011 -4.676990 0.000001 
37.457726 98.375427 152.599747 38.285707 -4.637021 -2.008222 1.300726 6.424345 0.745708 0.364953 0.529008 0.281428 0.358062 0.530748 0.280842 0.340605 -1.415907 0.615055 6.557727 -1.609211 -4.540914 -3.460053 0.585992 -19.397382 -10.712356 -2.330381 -60.211075 -6.033601 0.000008 -0.000020 1.337948 -1.129162 0.204329 -1.479096 -2.831717 13.718984 20.758738 18.075317 -0.235599 -20.129862 -17.701134 19.489504 2.130764 -0.879409 -28.863806 2.862097 0.744597 -29.160308 1.679658 0.245345 -16.620487 6.149121 1.442306 -37.775181 3.036080 0.845597 -31.121036 2.056254 0.371780 -20.495618 9.379236 4.068102 -38.780035 3.862301 1.448143 -41.095028 1.595892 0.221021 -15.769595 7.122797 1.986879 -35.967663 2.796005 0.708266 -28.425284 1.978471 0.343324 -19.687978 0.397728 0.799834 17.450609 7.866825 1.175667 58.064367 10.997376 0.000009 0.000006 3.100045 12.294142 -0.924434 4.883749 -8.847897 -9.465501 -29.262764 15.624196 -9.952847 16.315029 -5.589667 -13.000996 -2.384202 -0.293062 22.819582 -3.114739 1.190758 41.836374 -1.485770 0.242762 18.559644 -5.842292 1.517924 35.301870 -2.871169 0.987203 37.943948 -1.171840 0.149485 14.539863 -8.408922 3.893676 41.184787 -2.583363 0.779899 33.593715 -1.371373 0.205998 17.084979 -5.513289 1.302409 44.544421 -2.895990 1.006687 38.330909 -2.049552 0.473993 26.041889 5.785623 -22.413237 -0.095609 -0.612369 64.369117 -1.067724 -0.030345 7.848514 0.227371 -0.646432 -12.059467 3.510856 -10.205192 -9.364548 -3.483505 4.627575 21.025518 3.031258 -0.064025 -4.073565 1.884763 0.000025 -4.869343 0.000001 
39.183125 98.448120 155.800842 39.026680 -4.307432 -1.529837 2.227279 6.321907 0.257584 0.628602 0.584381 0.179725 0.622375 0.586590 0.177459 0.196588 -1.352820 0.603872 5.371528 -1.730208 -4.528504 -3.124794 0.614883 -19.177993 -8.872406 0.530904 -61.258416 -6.440769 0.000014 0.000010 0.996818 -1.366699 -0.620296 -1.479092 -2.831721 13.718981 20.758746 18.075314 -0.235635 -19.991122 -17.620631 19.308747 2.183411 -0.857565 -28.964582 2.862085 0.744584 -29.160284 1.678212 0.244908 -16.605745 6.218250 1.496510 -37.854770 3.036316 0.845731 -31.123779 2.059529 0.373003 -20.529812 9.398964 4.089070 -38.829663 3.862637 1.448436 -41.099417 1.595889 0.221016 -15.769595 7.119624 1.982805 -35.913466 2.795506 0.707983 -28.419823 1.983638 0.345181 -19.741456 0.949888 0.755332 17.312421 9.495922 -0.724505 56.375364 13.104450 -0.000009 0.000004 5.218481 8.170247 -0.912035 4.883750 -8.847888 -9.465499 -29.146015 15.577763 -9.960566 17.674631 -5.457550 -14.292196 -2.295715 -0.328824 22.515416 -3.060988 1.143385 40.958138 -1.482514 0.241673 18.517495 -5.684232 1.404839 35.258140 -2.875951 0.990941 38.018602 -1.175682 0.150480 14.588289 -8.264607 3.766276 41.194841 -2.595553 0.788028 33.773479 -1.373848 0.206748 17.116912 -5.349162 1.184223 44.567951 -2.895978 1.006687 38.330909 -2.050254 0.474329 26.051202 6.131259 -26.741914 -1.644138 -0.278988 59.158850 -1.432201 -0.008968 5.549183 0.802678 -0.669576 -10.954549 4.427570 -10.826879 -7.718707 -4.162578 4.760561 22.004453 3.401646 -0.191661 -6.562656 1.681230 -0.000012 -5.107396 0.000001 
